0.0744838 0.316331 0.115637 0.0397052 0.00228253 0.119054 0.291396 0.223594 0.241818 0.308594 0.40862 0.387749 0.355981 0.209756 0.186378 0.165785 0.201948 0.347013 0.602672 0.706764 0.782251 0.800123 0.795168 0.915275 0.931045 0.951757 1 0.981268 0.866477 0.614467 0.383106 0.318805 0.247611 0.23328 0.214585 0.118952 0.0373934 0.0330664 0.112587 0.14793 0.00903301 0.0504274 0.19087 0.224427 0.221069 0.226412 0.213872 0.215633 0.162039 0.0678788 0.201195 0.189729 0.254545 0.263158 0.0634921 0.0564103 0.0965909 0.0938215 0.15427 0.0669746 0
0.516224 0.361337 0.187911 0.0380409 0.201623 0.456598 0.50947 0.405954 0.427218 0.58244 0.649085 0.734613 0.831294 0.678767 0.856856 0.972522 0.864574 0.866078 0.889964 0.991652 0.892496 0.811676 0.827594 0.748079 0.579201 0.503029 0.542284 0.527172 0.470678 0.407585 0.350518 0.243765 0.105114 0.162268 0.102895 0.152016 0.158758 0.109494 0.136622 0.273747 0.217024 0.144444 0.112376 0.269518 0.213108 0.0927043 0.162803 0.277628 0.332155 0.104242 0.215139 0.206847 0.301299 0.251462 0.430839 0.0974359 0.178977 0.21968 0.225895 0.272517 0
0.160767 0.166309 0.131735 0.116262 0.234847 0.379737 0.443994 0.321499 0.24404 0.280995 0.134694 0 0.228444 0.29308 0.497442 0.66609 0.75702 0.842597 0.979487 1 1 0.999182 0.901134 0.672472 0.498258 0.417998 0.472634 0.608481 0.712967 0.607542 0.334823 0.280049 0.403129 0.379332 0.224813 0.0870968 0 0.0479359 0.00685221 0.110349 0.195136 0.22967 0.107849 0.193507 0.238129 0.145091 0.201195 0.254268 0.300858 0.243636 0.0707171 0.136947 0.148052 0.0467836 0.0430839 0.146154 0.0994318 0.224256 0.212121 0 0
0.0693215 0.037291 0.0348226 0.0760818 0.155212 0.204515 0.262716 0.134289 0.128239 0.131989 0.0968382 0.0388335 0.196056 0.322883 0.478784 0.652147 0.76562 0.774234 0.805596 0.799765 0.82051 0.85022 0.880259 0.886692 0.895492 0.963322 1 0.910869 0.671469 0.431022 0.262997 0.287014 0.133256 0.201378 0.239951 0.221371 0.196589 0.126651 0 0 0.0148234 0.0283272 0.0772016 0.0555269 0.0524595 0.00342841 0.0592177 0.0769691 0.0918728 0.130909 0.123506 0.0984308 0.0467532 0.312865 0.106576 0.187179 0.207386 0.121281 0.14876 0.0762125 1
0.0766962 0.246892 0.199737 0.128864 0.337307 0.478635 0.375812 0.306946 0.0610099 0.107393 0.262867 0.510551 0.357133 0.189749 0.107533 0.0991248 0.164232 0.391377 0.292973 0.595676 0.733137 0.762396 0.773975 0.821022 1 0.942835 0.741464 0.589131 0.537033 0.508576 0.559891 0.532128 0.588785 0.573291 0.586376 0.604637 0.511043 0.254341 0.0111744 0.293464 0.354603 0.621612 0.565369 0.318217 0.242821 0.184174 0.151757 0.226116 0.153458 0.089697 0.0687251 0.0242511 0.254545 0.187135 0.265306 0.166667 0.207386 0.160183 0.0798898 0.30485 1
0.180678 0.0797257 0.0785151 0.000713267 0.07228 0.160978 0.332792 0.22602 0.214423 0.216931 0.105062 0.285903 0.19548 0.243065 0.291805 0.286587 0.0362657 0.106597 0.262571 0.34878 0.325253 0.22329 0.386246 0.55691 0.599795 0.594999 0.637462 0.760498 1 0.836263 0.547902 0.453831 0.492702 0.429889 0.161501 0.0716734 0.0201181 0.158365 0.230867 0.221786 0.278981 0.340049 0.224104 0.104999 0.0476258 0.127948 0.184353 0.0925427 0.104997 0.385455 0.131474 0.156919 0.298701 0.119883 0.145125 0.0282051 0.0909091 0.0114416 0.118457 0.163972 1
0.235988 0.108015 0.125821 0.121731 0.11717 0.265789 0.453463 0.359206 0.265067 0.364221 0.411031 0.486079 0.422053 0.174487 0.175444 0.267861 0.261216 0.373403 0.537029 0.672089 0.78594 0.739495 0.809579 0.924291 0.878074 0.869369 0.926568 0.995368 0.855519 0.581229 0.37624 0.231409 0.12265 0.0983572 0.0749719 0 0.0383774 0.0575023 0.0551339 0.110022 0.0594094 0.117705 0.253976 0.290647 0.25789 0.275919 0.305686 0.310572 0.252903 0.164848 0.129482 0.159772 0.0883117 0.125731 0.126984 0.107692 0.119318 0.0434783 0.0110193 0.0577367 0
0.0154867 0.0308616 0.0252957 0.0782216 0.117423 0.294276 0.327381 0.214112 0.172368 0.110825 0.0918758 0.14786 0.203685 0.130865 0.182064 0.15978 0.116879 0.142649 0.101094 0.09878 0.183917 0.179532 0.297234 0.572585 0.846824 1 0.837903 0.652532 0.549919 0.352828 0.299837 0.185352 0.151528 0.213567 0.299069 0.220565 0.0485458 0.0379536 0.0838077 0.201743 0.26161 0.299267 0.256433 0.122133 0.132357 0.132337 0.0689967 0.130279 0.169611 0.0666667 0.0786853 0.158345 0.12987 0.0730994 0.0680272 0 0.0426136 0.105263 0.0633609 0.0230947 1
0.351032 0.117017 0.189553 0.28816 0.432412 0.485353 0.590909 0.157222 0.173404 0.273845 0.0932936 0.331331 0.291493 0.30133 0.331929 0.321698 0.251891 0.27013 0.258153 0.114833 0.290051 0.369594 0.313659 0.529761 0.511066 0.391453 0.510453 0.518629 0.381798 0.302866 0.393352 0.475736 0.535861 0.584526 0.627186 0.754335 0.716379 0.602371 0.527936 0.599673 0.711986 0.578877 0.483124 0.361247 0.281774 0.334339 0.323977 0.510931 0.384654 0.288485 0.266932 0.104137 0.322078 0.44152 0.129252 0.294872 0.542614 0.313501 0.911846 1 0
0.030236 0.111873 0.0676741 0.119591 0.220391 0.28057 0.182089 0.207497 0.236636 0.249678 0.31079 0.362837 0.395854 0.243787 0.185475 0.126501 0.173972 0.232519 0.240269 0.287885 0.349705 0.386873 0.482251 0.678312 0.742828 0.762419 0.897153 1 0.887175 0.628316 0.610463 0.455965 0.259477 0.160784 0.129385 0.0726815 0.15515 0.103879 0.214316 0.210131 0.18645 0.332357 0.178068 0.0882504 0.0943986 0.228332 0.327237 0.372866 0.260475 0.0533333 0.184263 0.0912981 0.12987 0.187135 0.14059 0.205128 0.0965909 0.0480549 0.0909091 0.00230947 0
0.20354 0.168881 0.248357 0.178554 0.115141 0.255039 0.030303 0.136494 0.180512 0.147719 0.0925847 0.0817702 0.0097884 0.0946685 0.101715 0.192143 0.125065 0.240519 0.346097 0.360445 0.311762 0.120233 0.068348 0.265137 0.129098 0.187796 0.418847 0.744751 0.902192 0.766912 0.466921 0.233543 0.514019 0.643031 0.35021 0.452823 0.656899 0.633358 0.5428 0.341612 0.223741 0.0728938 0 0 0 0 0 0 0 0 0 0.0684736 0.602597 0.567251 0.0997732 0.341026 0.457386 0.17849 0.380165 0.242494 1
0.248525 0.0471496 0.0578187 0.0977175 0.169921 0.291051 0.446429 0.327674 0.205983 0.400257 0.289097 0.29323 0.329063 0.132721 0.347076 0.320171 0.202052 0.189922 0.210288 0.371575 0.278879 0.610571 0.560665 0.323328 0.237807 0.515255 0.805127 0.685159 0.694095 0.857249 0.593787 0.36621 0.658721 0.899311 0.778766 0.753226 0.594577 0.450244 0.0928737 0.650327 0.806254 0.722955 0.443683 0.232285 0.338072 0.469556 0.417059 0.206349 0.109036 0.568485 0.424303 0.482168 0.397403 0.421053 0.23356 0.112821 0.261364 0.02746 0.198347 0.140878 1
0.452802 0.453922 0.496386 0.278412 0.347451 0.292395 0.230249 0.187872 0.300903 0.498212 0.734014 0.728165 0.71153 0.528205 0.65473 0.869428 0.977826 0.930909 0.780875 0.719927 0.674115 0.37123 0.0114443 0.026944 0.253791 0.211257 0.184158 0.167456 0.0267857 0.204325 0.163161 0.167041 0.205397 0.184844 0.249974 0.127016 0.0789416 0.170531 0.150011 0.0119826 0.110365 0.20989 0.20031 0.209482 0.100654 0.0176906 0.14397 0.228212 0.0590611 0.0739394 0.255976 0.115549 0.667532 0.28655 0.29932 0.469231 0.644886 0.12357 0.30854 0.288684 0
0.208702 0.261037 0.208607 0.205183 0.392594 0.589089 0.579816 0.436163 0.204946 0.105677 0.310081 0.49956 0.373255 0.263277 0.321597 0.42469 0.548026 0.434286 0.405428 0.618258 0.360455 0.180963 0.31546 0.914455 0.935553 0.407424 0.240571 0.6514 0.799919 0.382124 0.513352 0.736688 0.558122 0.919661 0.781426 0.710988 0.794227 0.417802 0.278094 0.331808 0.283613 0.347009 0.0680202 0.240531 0.220785 0.223944 0.226729 0.224019 0.228168 0.0775758 0.153386 0.0328103 0.384416 0.178363 0.46712 0.184615 0.423295 0.105263 0.548209 0.154734 1
0.126844 0.145735 0.0502628 0.0282929 0.0826782 0.410642 0.539773 0.361411 0.33363 0.367653 0.399688 0.395223 0.300993 0.0743529 0.17755 0.207409 0.246917 0.25839 0.162003 0.11601 0.381324 0.680912 0.800784 0.841512 0.889242 0.922899 0.998634 1 0.80763 0.595078 0.605886 0.577735 0.386748 0.133545 0.0640278 0.0532258 0.0675705 0.106894 0.137571 0.117974 0.0973943 0.119658 0.255658 0.172507 0.128234 0.148793 0.275444 0.408206 0.433115 0.351515 0.202191 0.154066 0.241558 0.552632 0.0612245 0.248718 0.176136 0.256293 0.528926 0.34873 0
0.162242 0.12216 0.24113 0.109605 0.0405782 0.196721 0.174242 0.429327 0.414779 0.509223 0.380689 0.0880715 0.24874 0.491595 0.634066 0.675962 0.741478 0.646234 0.422365 0.247003 0.369625 0.672222 0.81954 1 0.819672 0.682234 0.761109 0.60107 0.486201 0.53638 0.48218 0.159065 0.140082 0.0948596 0.44799 0.662298 0.663897 0.185401 0.166561 0.526144 0.528662 0.486569 0.310617 0.179335 0.252914 0.266868 0.312025 0.455825 0.468955 0.21697 0.241036 0.10699 0.0831169 0.248538 0.22449 0.0666667 0.366477 0.148741 0.294766 0.193995 1
0.179204 0.183026 0.17477 0.148122 0.181841 0.308519 0.341721 0.369129 0.402636 0.406263 0.314334 0.346571 0.297251 0.189956 0.124285 0.104926 0.149725 0.188052 0.121187 0.00898973 0.0119098 0.221041 0.451521 0.628317 0.747029 0.88534 0.993802 0.995574 0.931818 0.930116 0.91248 0.818468 0.670797 0.654796 0.629539 0.660181 0.615788 0.434855 0.290744 0.440196 0.459178 0.485348 0.543256 0.587091 0.562269 0.406747 0.379392 0.466607 0.446239 0.321212 0.120518 0.118402 0.148052 0.0263158 0.0884354 0.192308 0.0795455 0.1373 0.129477 0.101617 0
0.120944 0.0557222 0.129106 0.136709 0.134162 0.189734 0.556548 0.751929 0.770176 0.836837 0.845739 0.625879 0.50511 0.267196 0.160899 0.0264604 0.148793 0.417558 0.67915 0.79634 0.847175 0.868827 0.851754 0.918144 0.869775 0.788964 0.862801 0.836455 0.573153 0.334612 0.327302 0.475736 0.631944 0.708956 0.556715 0.514919 0.51487 0.364147 0.357474 0.394444 0.259988 0.187424 0.242467 0.292064 0.224197 0.166072 0.159906 0.254567 0.179202 0.265455 0.0856574 0.164051 0.142857 0.517544 0.238095 0.312821 0.221591 0.347826 0.438017 0.182448 0
0.15708 0.363052 0.323587 0.0879696 0.266295 0.416286 0.42316 0.454465 0.476825 0.486772 0.431164 0.499267 0.552181 0.45973 0.518106 0.652453 0.836908 0.841662 0.825794 0.834439 0.789102 0.850424 0.962064 1 0.934119 0.934905 0.902301 0.701935 0.626623 0.538404 0.329046 0.229499 0.128216 0.326232 0.352971 0.226915 0.225454 0.225954 0.160342 0.198584 0.314302 0.333211 0.0398293 0.159495 0.263577 0.2404 0.1954 0.218029 0.122161 0.231515 0.158367 0.233952 0.483117 0.730994 0.303855 0.310256 0.321023 0.20595 0.030303 0.0692841 0
0.0575221 0.0767252 0.0134691 0.00142653 0.0489475 0.0956732 0.118236 0.000441015 0.0518288 0.0753611 0.0849284 0.199736 0.195336 0.257296 0.215167 0.26837 0.325562 0.254442 0.208815 0.251391 0.399241 0.456497 0.419307 0.490421 0.612398 0.622315 0.646181 0.724269 0.851258 1 0.868229 0.668389 0.612307 0.635824 0.690703 0.583468 0.496173 0.343142 0.17626 0.147277 0.215402 0.170085 0.192681 0.156016 0.162639 0.108475 0.0660992 0.0455226 0.0429076 0.145455 0.0219124 0.0870185 0.153247 0.347953 0.244898 0.128205 0.244318 0.107551 0.157025 0.0438799 1
0.323009 0.221603 0.27201 0.150024 0.283033 0.666756 0.574405 0.755458 0.483045 0.394537 0.656316 0.925557 0.969483 0.77591 0.745611 0.944637 1 0.883013 0.792131 0.766481 0.495363 0.391882 0.359648 0.376498 0.308402 0.251019 0.293098 0.255558 0.434152 0.15074 0.360327 0.285666 0.158248 0.225649 0.11077 0.413508 0.380932 0.0700842 0.15486 0.201852 0.152171 0.0643468 0.181172 0.20974 0.0882855 0.0278387 0.0959797 0.222222 0.206461 0.0739394 0.124502 0.108417 0.218182 0.111111 0.199546 0.479487 0.389205 0.105263 0.140496 0.0877598 1
0.222714 0.407201 0.429041 0.32097 0.407558 0.432142 0.188853 0.296803 0.297349 0.4862 0.21225 0.0618406 0.0473586 0.358771 0.540475 0.537146 0.497461 0.403844 0.160951 0.382812 0.760013 0.972907 0.935361 0.545026 0.515164 0.650402 0.549638 0.529539 0.20627 0.163631 0.580817 0.664907 0.261262 0.176047 0.280863 0.512399 0.634376 0.405532 0.538478 0.655338 0.539317 0.283394 0.253071 0.225329 0.185385 0.0818705 0.203549 0.313567 0.255931 0.192727 0.194223 0.275321 0.631169 0.353801 0.145125 0.34359 0.252841 0.320366 0.0964187 0.224018 1
0.217552 0.092156 0.137319 0.0316215 0.227492 0.463585 0.290314 0.363175 0.404117 0.617618 0.699419 0.787661 0.747805 0.389296 0.222088 0.165072 0.201844 0.243636 0.496003 0.668022 0.810497 0.875268 0.745682 0.755763 0.708197 0.701289 0.86196 0.949465 0.832386 0.545116 0.422997 0.436419 0.395149 0.31203 0.108827 0.140827 0.187076 0.209733 0.50622 0.550218 0.130979 0.287057 0.441614 0.578975 0.657378 0.27441 0.140348 0.368973 0.395255 0.107879 0.248008 0.279601 0.14026 0.125731 0.165533 0.0846154 0.0340909 0.121281 0.181818 0.110855 0
0.144543 0.134162 0.131406 0.0542083 0.0136952 0.0902983 0.342532 0.294377 0.091811 0.0650651 0.0822345 0.248974 0.186267 0.164793 0.19691 0.317627 0.674749 0.565091 0.211025 0.115368 0.300485 0.548921 0.638868 0.693884 0.805225 0.878951 0.868158 0.782524 0.870637 0.933525 0.919673 0.798023 0.667332 0.784102 0.899458 1 0.959108 0.728398 0.58444 0.429194 0.307933 0.277778 0.379025 0.296058 0.33992 0.261931 0.198479 0.0898473 0.08632 0.464242 0.0527888 0.116976 0.0961039 0.418129 0.226757 0.0410256 0.289773 0.105263 0.190083 0.170901 1
0.213864 0.153022 0.0653745 0.0401807 0.0986558 0.151303 0.24513 0.202205 0.364283 0.431002 0.269814 0.349502 0.321722 0.196556 0.113151 0.109404 0.0556419 0.143377 0.132969 0.0946062 0 0.162151 0.368337 0.559164 0.649283 0.721776 0.846938 0.905825 0.864854 0.881964 0.935477 0.91193 0.706395 0.634658 0.616754 0.682258 0.763831 0.613289 0.564411 0.653813 0.606485 0.599389 0.650071 0.743623 0.839778 0.658667 0.702101 0.832285 0.720343 0.513939 0.26992 0.273894 0.168831 0.175439 0.181406 0.217949 0.201705 0.0892448 0.14876 0.034642 0
0.172566 0.0484355 0.086071 0.166904 0.29191 0.385918 0.313582 0.258875 0.30268 0.345774 0.363817 0.399326 0.454441 0.413942 0.519009 0.602992 0.713605 0.74826 0.760783 0.796447 0.894077 0.923014 0.932712 0.98494 0.977049 1 0.989074 0.904899 0.726664 0.548098 0.43455 0.372388 0.168224 0.0787493 0.0271044 0.133669 0.24087 0.173755 0.131035 0.230392 0.163636 0.273138 0.326005 0.188611 0.0956781 0.132337 0.270192 0.337826 0.23372 0.233939 0.139442 0.0271041 0.163636 0.409357 0.0136054 0.330769 0.127841 0.551487 0.209366 0.157044 0
0.188053 0.0672953 0.107096 0.0449358 0.191479 0.310132 0.349026 0.337155 0.287576 0.287287 0.272366 0.31697 0.400173 0.390636 0.507975 0.544474 0.649052 0.667948 0.633915 0.65625 0.769287 0.833248 0.890749 0.985247 1 0.933363 0.886228 0.804961 0.678166 0.528284 0.41624 0.329701 0.163604 0.0621092 0.0599366 0.145665 0.248743 0.215556 0.169618 0.25 0.23729 0.225275 0.268589 0.227648 0.159084 0.106829 0.24339 0.287511 0.301868 0.4 0.196215 0.258203 0.516883 0.219298 0.0839002 0.225641 0.383523 0.208238 0.286501 0.200924 0
0.235988 0.054865 0.223719 0.266762 0.0712655 0.289707 0.518128 0.342227 0.438472 0.609038 0.743513 0.811108 0.98431 0.700629 0.735881 0.735701 0.857217 0.943688 0.87187 0.776648 0.55312 0.290563 0 0 0.23709 0.434079 0.477571 0.423837 0.274249 0.126132 0.335477 0.350258 0.298645 0.307366 0.349289 0.0679436 0.162147 0.149423 0.152224 0.160784 0.0250145 0.109646 0.140437 0.104612 0.111459 0.0667855 0.0795002 0.175502 0.186774 0.224242 0.300797 0.336662 0.58961 0.24269 0.346939 0.484615 0.0823864 0.855835 0.344353 0.34642 0
0.457227 0.301329 0.14389 0.0653828 0.0299265 0.311207 0.265693 0.410805 0.486747 0.541542 0.621721 0.790739 0.766086 0.419717 0.303039 0.338897 0.375712 0.363636 0.503471 0.700128 0.757799 0.85298 0.860973 0.921729 1 0.962771 0.981301 0.728283 0.407265 0.245552 0.304959 0.369131 0.312192 0.280975 0.065562 0.367339 0.469932 0.322866 0.152435 0.111656 0.0995947 0.313187 0.576878 0.608864 0.46389 0.195145 0.0706266 0.121593 0.156991 0.104242 0.153386 0.0570613 0.051948 0.225146 0.14966 0.233333 0.235795 0.187643 0.107438 0.103926 0
0.260324 0.117017 0.0289093 0.12078 0.175501 0.155066 0.253517 0.312679 0.309344 0.347633 0.375301 0.395516 0.355981 0.300505 0.277159 0.2414 0.168998 0.161455 0.245319 0.277076 0.315346 0.317452 0.387199 0.464604 0.468033 0.59522 0.824982 0.944216 1 0.832215 0.549537 0.49326 0.495957 0.398092 0.175616 0.14506 0.181391 0.140688 0.0693654 0.231699 0.388767 0.536386 0.509375 0.261531 0.285755 0.299918 0.333213 0.442348 0.490156 0.271515 0.150398 0.138374 0.0493507 0.0233918 0.115646 0.225641 0.0170455 0.189931 0.300275 0.106236 0
0.376844 0.238748 0.395532 0.272943 0.0453969 0.247245 0.136905 0.0846748 0.32815 0.217217 0.319722 0.376759 0.406938 0.318449 0.300231 0.216059 0.265361 0.0977662 0.0691142 0.294092 0.532251 0.629792 0.634736 0.731995 0.644877 0.49587 0.671919 0.724681 0.769278 0.811335 0.905177 0.977758 0.653996 0.623211 0.744809 0.473286 0.143779 0.350005 0.35895 0.216667 0.639954 0.680342 0.333247 0.675728 0.874183 0.702551 0.613003 0.448937 0.275618 0.327273 0.378486 0.472183 0.374026 0.950292 0.839002 0.435897 0.366477 0.228833 1 0.466513 0
0.0730089 0.0925847 0.0834428 0.0775083 0.291656 0.52674 0.393939 0.192723 0.188805 0.241098 0.311499 0.401084 0.502087 0.424977 0.524325 0.670975 0.730805 0.821714 0.898275 0.955479 1 0.99816 0.883332 0.743162 0.627766 0.64137 0.706587 0.672808 0.544643 0.444871 0.37515 0.23916 0.0642655 0.124854 0.23811 0.324698 0.269735 0.182905 0.199768 0.220588 0.230921 0.343712 0.335704 0.248003 0.178561 0.137548 0.17222 0.362384 0.367491 0.210909 0.212151 0.372325 0.381818 0.722222 0.206349 0.0948718 0.133523 0.324943 0.280992 0.0438799 0
0.0811209 0.0625804 0.0666886 0.0278174 0.0748161 0.159635 0.227273 0.123705 0.174293 0.170027 0.0849284 0.038687 0.0639125 0.103228 0.0772394 0.0590271 0.176044 0.267532 0.283926 0.418557 0.574094 0.703609 0.811911 0.838644 0.904201 0.978191 1 0.871552 0.754769 0.639501 0.578093 0.530667 0.451433 0.506836 0.508745 0.503125 0.46206 0.324633 0.155387 0.193137 0.186103 0.120269 0.0711238 0.0633857 0.0884276 0.069254 0.0447302 0.0655885 0.0514891 0.0569697 0.0189243 0.0470756 0.179221 0.0584795 0.0997732 0.112821 0.0397727 0.0869565 0.23416 0.120092 1
0.294248 0.184312 0.141919 0.186876 0.0892721 0.299113 0.532738 0.322161 0.110025 0.266266 0.286403 0.408705 0.540377 0.492627 0.585916 0.656218 0.732359 0.792831 0.837576 0.779431 0.873946 0.834782 0.772385 0.844176 0.73709 0.607115 0.528732 0.332956 0.306818 0.291147 0.171553 0.070546 0.282579 0.405723 0.415158 0.449395 0.366608 0.349173 0.365591 0.367865 0.465547 0.513919 0.369068 0.361762 0.340489 0.0506034 0.145781 0.162025 0.0893488 0.0787879 0.221116 0.0527817 0.34026 0.30117 0.106576 0.412821 0.392045 0.169336 0.674931 0.443418 0
0.109145 0.0822975 0.0614323 0.0779838 0.173726 0.360656 0.393398 0.315105 0.350511 0.387387 0.482348 0.514947 0.538794 0.312983 0.105728 0.0994301 0.320899 0.526338 0.628656 0.708476 0.778035 0.822513 0.861926 0.778301 0.706967 0.526159 0.254964 0.447921 0.635653 0.723554 0.826921 0.900472 1 0.988235 0.668099 0.385585 0.098185 0.337527 0.63093 0.871351 0.84586 0.654579 0.338032 0.221979 0.400057 0.379046 0.359471 0.449835 0.615346 0.597576 0.0268924 0.0984308 0.0545455 0.0614035 0.174603 0.0410256 0.230114 0.240275 0.225895 0.0623557 0
0.421829 0.516074 0.411629 0.342368 0.347198 0.123354 0.21618 0.136053 0.192063 0.320177 0.413866 0.589244 0.722182 0.478602 0.593741 0.7184 0.900425 0.907636 0.865664 0.752354 0.71817 0.511502 0.268518 0.300482 0.207992 0.0791937 0.132892 0.159634 0.193182 0.113029 0.249046 0.303303 0.306836 0.448225 0.493301 0.275605 0.145419 0.233961 0.298018 0.197821 0.0664737 0.0472527 0.100866 0.0930173 0.0575775 0.0758365 0.195762 0.34112 0.387178 0.321212 0.214143 0.46077 0.275325 0.22807 0.344671 0.302564 0.0994318 0.224256 0.625344 0.272517 0
0.187316 0.161595 0.160972 0.154303 0.316003 0.537759 0.603355 0.544432 0.52125 0.829687 0.90543 0.797626 0.71844 0.315665 0.197713 0.274171 0.268159 0.316779 0.573848 0.735231 0.890282 0.810551 0.693653 0.73138 0.713217 0.807688 0.886228 0.981474 0.815239 0.451156 0.296567 0.266345 0.200042 0.286063 0.148512 0.310081 0.165974 0.312779 0.592663 0.436492 0.0950782 0.43895 0.601966 0.615434 0.5 0.126166 0.222202 0.534591 0.547703 0.363636 0.344622 0.226819 0.503896 0.394737 0.170068 0.105128 0.113636 0.0549199 0.14876 0.117783 0
0.105457 0.0998714 0.0443495 0.103661 0.233579 0.35555 0.386905 0.25667 0.24019 0.25883 0.293776 0.363863 0.412408 0.279777 0.220183 0.161103 0.21863 0.283117 0.323795 0.388164 0.395868 0.359472 0.426195 0.599836 0.715266 0.735103 0.864061 1 0.98123 0.70033 0.58485 0.425522 0.344324 0.32337 0.176025 0.13246 0.144216 0.0927524 0.136517 0.267647 0.219803 0.332234 0.208587 0.171992 0.280921 0.169227 0.28142 0.316562 0.24735 0.117576 0.222112 0.161198 0.267532 0.137427 0.0498866 0.192308 0.0880682 0.0983982 0.0578512 0.034642 0
0.0619469 0.204886 0.0932983 0.0568236 0.148364 0.262026 0.630411 0.513782 0 0.252967 0.165462 0.242673 0.43069 0.110034 0.214465 0.233666 0.2321 0.250494 0.189775 0 0.0979131 0.0981495 0.117092 0.158181 0.229098 0.181628 0.0583044 0.522026 0.708198 0.604879 0.465831 0.630308 0.706815 0.638262 0.562749 0.750302 0.91417 0.922221 0.984398 1 1 0.959097 0.724169 0.365627 0.626528 0.755211 0.784317 0.870021 1 0.944242 0.394422 0.235378 0.374026 0.307018 0.444444 0.346154 0.0738636 0.359268 0.289256 0.295612 1
0.128319 0.129447 0.0597897 0.134094 0.00329698 0.184628 0.380682 0.307828 0.253813 0.344487 0.328654 0.509086 0.535771 0.247396 0.269335 0.40922 0.687908 0.556675 0.182201 0.211366 0.733664 0.720172 0.299883 0.264829 0.595594 0.548078 0.471268 0.857555 0.831473 0.369767 0.194659 0.15064 0.00315027 0.14584 0.288125 0.12994 0.137109 0.174483 0.0382669 0.00925926 0.148002 0.186447 0.236648 0.242979 0.143304 0.0909216 0.0331402 0.120994 0.0545179 0.173333 0.0906375 0.042796 0.236364 0.385965 0.417234 0.348718 0.272727 0.203661 0.140496 0.159353 1
0.137168 0.0681526 0.108081 0.0646695 0.0836926 0.091642 0.176136 0.18699 0.246409 0.351494 0.374592 0.420868 0.492155 0.281427 0.269536 0.187767 0.150451 0.193143 0.323375 0.517551 0.705839 0.828034 0.879623 0.950825 0.962807 1 0.965648 0.862495 0.786526 0.610632 0.530681 0.410245 0.219049 0.284261 0.344175 0.425 0.48349 0.42976 0.35779 0.319608 0.180776 0.137729 0.256563 0.202267 0.09383 0.177455 0.144332 0.0155735 0.117617 0.184242 0.124502 0.0656205 0.135065 0.371345 0.23356 0.0794872 0.150568 0.23341 0.22314 0.0692841 0
0.00737463 0.129876 0.0512484 0.0404185 0.0930763 0.301532 0.517857 0.354135 0.19147 0.188331 0.0999575 0.295135 0.32532 0.305868 0.301735 0.228781 0.00186509 0.134753 0.26762 0.365261 0.326834 0.181474 0.42895 0.677185 0.720492 0.686309 0.695556 0.847262 1 0.753915 0.475095 0.372164 0.590045 0.519131 0.24169 0.0842742 0.0651651 0.197983 0.327746 0.215468 0.17846 0.352259 0.285918 0.196341 0.106056 0.0831048 0.125317 0.133573 0.17365 0.0993939 0.10757 0.201141 0.187013 0.0760234 0.244898 0.207692 0.278409 0.0297483 0.0743802 0.0184757 1
0.144543 0.0522932 0 0.0932002 0.163327 0.392636 0.401786 0.253804 0.235599 0.176176 0.0703247 0.019197 0.150137 0.241415 0.426221 0.606554 0.734224 0.805714 0.895434 0.957513 0.911678 0.912074 0.772279 0.501486 0.327766 0.260932 0.219561 0.350041 0.570312 0.59412 0.450245 0.360705 0.41552 0.387069 0.293546 0.20746 0.0832058 0.104294 0.121442 0.0957516 0.148697 0.225397 0.169792 0.228807 0.284333 0.104909 0.131655 0.224319 0.226653 0.162424 0.173307 0.155492 0.0467532 0.108187 0.0975057 0.0692308 0.0596591 0.0823799 0.137741 0.0207852 0
0.15708 0.0428633 0.0377792 0.1864 0.266295 0.377318 0.471591 0.207718 0.200355 0.302302 0.330639 0.421014 0.385058 0.313808 0.373558 0.44138 0.457569 0.610805 0.71639 0.861087 0.931387 0.960536 0.907386 0.942936 1 0.939971 0.875512 0.744751 0.702516 0.572387 0.367847 0.236576 0.17694 0.0801272 0.112509 0.127419 0.207632 0.297494 0.376133 0.401852 0.335611 0.439316 0.385749 0.229194 0.218226 0.164427 0.173669 0.229111 0.327612 0.379394 0.184263 0.128388 0.449351 0.195906 0.154195 0.233333 0.147727 0.0961098 0.170799 0.0762125 0
0.0626844 0.0707244 0.199737 0.0349501 0.0349987 0.0714862 0.288149 0.269239 0.0774471 0.164593 0.0839359 0.257327 0 0.205012 0.170328 0.200387 0.035644 0.198026 0.375131 0.354987 0.234928 0.354872 0.529088 0.47198 0.297131 0.486067 0.501628 0.230136 0.197443 0.313838 0.629755 0.779151 0.592565 0.348172 0.381508 0.295565 0.552919 0.876677 1 0.985839 0.667168 0.604396 0.415104 0.412523 0.610606 0.501097 0.480804 0.471998 0.343766 0.356364 0.24004 0.161198 0.0805195 0.409357 0.179138 0.176923 0.133523 0.0938215 0.107438 0.256351 1
0.127581 0.156022 0.308147 0.182121 0.0461578 0.103736 0.376353 0.422712 0.266252 0.242099 0.2623 0.188599 0.257809 0.471383 0.72896 0.778038 0.783028 0.597091 0.389859 0.230201 0.488617 0.751457 0.851224 1 0.841906 0.647208 0.681794 0.572149 0.469562 0.488761 0.4097 0.133453 0.125066 0.0398516 0.38294 0.712399 0.761863 0.325049 0.0229812 0.280283 0.444702 0.466178 0.315531 0.257666 0.327978 0.25864 0.354944 0.509434 0.689551 0.482424 0.14243 0.121255 0.0727273 0.30117 0.0544218 0.135897 0.247159 0.12357 0.184573 0.0415704 1
0.205015 0.159451 0.0795007 0.000951023 0.0159777 0.13706 0.233225 0.231974 0.132978 0.0912341 0.0338863 0.142585 0.227292 0.182118 0.270438 0.219723 0.241115 0.26587 0.294656 0.455265 0.515388 0.617319 0.663664 0.746645 0.846721 0.883027 0.992436 0.910869 0.703734 0.607755 0.61515 0.475623 0.243621 0.159936 0.147489 0.250101 0.26066 0.293855 0.24805 0.192048 0.138043 0.301099 0.274279 0.232028 0.209411 0.09339 0.197573 0.275232 0.200404 0.112727 0.0756972 0.0813124 0.174026 0.28655 0.102041 0.251282 0.107955 0.118993 0.134986 0.187067 1
0.165929 0.0908701 0.101511 0.121493 0.0667005 0.110454 0.233766 0.145094 0.0731527 0.039468 0.233234 0.322098 0.391824 0.24059 0.379175 0.492062 0.276241 0.340779 0.662424 0.711794 0.478605 0.431653 0.680725 0.808729 0.772643 0.883577 0.887488 0.888123 0.858969 0.793651 0.551281 0.229387 0.313137 0.148702 0.229518 0.552823 0.473431 0.0619736 0.127662 0.0690632 0.342907 0.450427 0.344756 0.138882 0.201592 0.231349 0.133647 0.189877 0.0726906 0.273939 0.060757 0.219686 0.366234 0.24269 0.240363 0.230769 0.144886 0.0366133 0.179063 0.039261 1
0.0560472 0.088727 0.0627464 0.106277 0.149632 0.18624 0.253517 0.180154 0.098919 0.103532 0.182901 0.0970106 0.0179934 0.163246 0.294714 0.190311 0.0948088 0.132987 0.122765 0.153574 0.189503 0.433596 0.643319 0.68579 0.760553 0.802401 0.689988 0.748868 0.742898 0.615106 0.47564 0.328466 0.512339 0.903975 0.854045 0.669153 0.338399 0.28772 0.245731 0.270261 0.275854 0.43199 0.566662 0.316929 0.107762 0.0256445 0.144332 0.224019 0.18526 0.187879 0.298805 0.148359 0.277922 0.269006 0.0453515 0.238462 0.269886 0.0915332 0.192837 0.235566 1
0.258112 0.696957 0.532523 0.324061 0.269592 0.323569 0.5625 0.487982 0.431956 0.517946 0.39033 0.0221278 0.359148 0.528411 0.61922 0.722064 0.829033 0.676675 0.416158 0.349422 0.536783 0.749003 0.821024 1 0.873156 0.6797 0.685786 0.486826 0.385349 0.409396 0.391281 0.0414514 0.0993384 0.0200318 0.345096 0.682157 0.735294 0.3342 0.0254059 0.316993 0.417603 0.465446 0.307772 0.265267 0.325277 0.233681 0.287396 0.536688 0.515901 0.18303 0.222112 0.145506 0.171429 0.570175 0.358277 0.151282 0.213068 0.208238 0.300275 0.143187 1
0.184366 0.186027 0.0400788 0.00618164 0.0603601 0.0902983 0.0833333 0.159868 0.113875 0.0952381 0.00538778 0.267292 0.248165 0.0816747 0.143043 0.210666 0.178323 0.0758442 0.0614349 0.0544735 0.180438 0.0480523 0.158631 0.219752 0.0680328 0.149466 0.566341 0.84119 0.84446 0.752743 0.825395 0.65783 0.637194 0.904611 0.988238 0.934274 0.722611 0.556307 0.579907 0.713072 0.612739 0.633822 0.4764 0.257279 0.214956 0.0696654 0.168598 0.2941 0.264513 0.227879 0.0996016 0.042796 0.472727 0.426901 0.14059 0.238462 0.198864 0.17849 0.23416 0.205543 1
0.791298 0.545221 0.299277 0.279601 0.306619 0.437786 0.518128 0.927674 1 0.807665 0.630087 0.311547 0.120772 0.271321 0.469656 0.457663 0.110455 0.0492468 0.290659 0.893729 0.927487 0.474082 0.0829713 0.139842 0.25584 0.516356 0.333333 0.602614 0.540381 0.837435 0.561962 0.566053 0.483986 0.640276 0.846272 0.839315 0.882244 0.910159 0.773983 0.519063 0.389577 0.538828 0.593043 0.578588 0.798408 0.590373 0.171134 0.237796 0.138314 0.186667 0.139442 0.63766 0.54026 0.210526 0.267574 0.417949 0.284091 0.462243 0.487603 0.418014 0
0.0626844 0.115302 0.0574901 0.0744175 0.0885113 0.0266057 0.0760281 0.131422 0.269658 0.365365 0.437686 0.446366 0.323593 0.102609 0.125088 0.435477 0.66791 0.69361 0.78603 0.935895 0.984928 0.815254 0.553778 0.630571 0.697029 0.655799 0.378191 0.157163 0.194805 0.351976 0.360654 0.184004 0.183766 0.331638 0.384678 0.50373 0.566696 0.308724 0.247944 0.235403 0.19502 0.235653 0.107979 0.11698 0.19619 0.267142 0.219305 0.252471 0.297325 0.299394 0.11753 0.114123 0.257143 0.0760234 0.185941 0.110256 0.323864 0.0389016 0.247934 0.120092 1
0.180678 0.153022 0.0397503 0.0508797 0.0372813 0.0634238 0.16829 0.296582 0.26181 0.320463 0.344676 0.323271 0.213186 0.00649685 0.127495 0.157338 0.18941 0.290909 0.338733 0.416952 0.546796 0.733872 0.794638 0.880852 0.941803 1 0.934342 0.753294 0.708097 0.825077 0.778202 0.467648 0.130001 0.141706 0.145034 0.180343 0.251913 0.138297 0.0619861 0.070915 0.0563984 0.246642 0.323936 0.239887 0.204578 0.201591 0.179464 0.0122791 0.0777385 0.140606 0.180279 0.196862 0.322078 0.108187 0.0748299 0.146154 0.105114 0.0755149 0.165289 0.251732 0
0.175516 0.343763 0.161629 0.0442225 0.420238 1 1 0.777949 0.496668 0.298012 0.335177 0.43772 0.777026 0.685057 0.79366 0.711378 0.327738 0.169662 0.229539 0.389876 0.50253 0.334322 0.0918724 0.534167 0.624795 0.74799 0.667822 0.795698 0.804485 0.819964 0.79673 0.521793 0.0982883 0.2708 0.497187 0.474496 0.109884 0.199231 0.254902 0.404793 0.297973 0.134188 0.220484 0.16671 0.129229 0.109709 0.10268 0.0592992 0.0575467 0.18303 0.0846614 0.242511 0.176623 0.201754 0.0725624 0.287179 0.0852273 0.0823799 0.220386 0.108545 1
0.0575221 0.11273 0.0663601 0.0668093 0.0603601 0.287557 0.383387 0.128556 0.0984748 0.178321 0.261307 0.513189 0.511588 0.247499 0.230916 0.529717 0.72148 0.756779 0.607721 0.40015 0.402403 0.419896 0.527816 0.729536 0.85543 0.888644 0.939069 0.938349 0.936993 0.848194 0.741362 0.707257 0.742413 0.907366 0.991715 0.992137 0.991472 0.83238 0.657179 0.511874 0.29612 0.209158 0.146903 0.0903118 0.224339 0.265771 0.20029 0.207547 0.088844 0.248485 0.307769 0.291013 0.223377 0.134503 0.181406 0.225641 0.190341 0.258581 0.162534 0.240185 1
0.0678466 0.191599 0.0900131 0.15573 0.255643 0.246439 0.425595 0.455127 0.442174 0.403689 0.399121 0.468201 0.327048 0.166443 0.115659 0.195196 0.247332 0.301195 0.194614 0.0646404 0.00674536 0.104488 0.283565 0.421883 0.56291 0.760436 0.92142 0.932997 0.933847 1 0.961962 0.906987 0.748504 0.723688 0.748287 0.797379 0.800569 0.579391 0.459625 0.514488 0.460915 0.475946 0.625501 0.692991 0.637617 0.366703 0.279066 0.407008 0.475013 0.316364 0.0786853 0.222539 0.298701 0.30117 0.0340136 0.238462 0.196023 0.130435 0.0440771 0.0692841 0
0.218289 0.207887 0.222405 0.183785 0.00304337 0.026337 0.256493 0.211907 0.288761 0.0935221 0.209556 0.33983 0.378293 0.252552 0.320594 0.335945 0.522847 0.782961 0.901536 0.86098 0.754637 0.27993 0.379888 0.594611 0.301025 0.28208 0.596386 0.799197 0.623478 0.467242 0.582888 0.702763 0.382968 0.111076 0.231564 0.463306 0.550077 0.28772 0.18638 0.188562 0.15275 0.277411 0.131256 0.0918578 0.0874325 0.106829 0.137812 0.25307 0.298839 0.0824242 0.0886454 0.112696 0.0701299 0.350877 0.412698 0.248718 0.642045 0.409611 0.123967 0.073903 1
0.236726 0.123446 0.151445 0.11436 0.184377 0.188659 0.298431 0.258655 0.171776 0.104247 0.00964129 0.0663833 0.218943 0.307724 0.458521 0.617036 0.723034 0.775896 0.788344 0.813891 1 0.980984 0.959733 0.959123 0.909631 0.899328 0.782645 0.575648 0.337865 0.385853 0.452425 0.337677 0.249081 0.279279 0.155365 0.0472782 0.0919528 0.0801705 0.0510226 0.184532 0.10469 0.0907204 0.0488814 0.16336 0.159937 0.069254 0.171858 0.202755 0.130742 0.206061 0.0328685 0.202568 0.275325 0.0643275 0.0657596 0.423077 0.380682 0.02746 0.187328 0.103926 1
0.327434 0.184741 0.109067 0.0946267 0 0.211771 0.477543 0.371775 0.225529 0.185185 0.340848 0.442995 0.627753 0.568423 0.445381 0.210564 0.188063 0.29361 0.254681 0.383027 0.416105 0.220939 0.620112 0.894068 0.889139 0.727833 0.667822 0.834294 1 0.825503 0.538965 0.468771 0.797018 0.716587 0.377621 0.148992 0.136344 0.184881 0.506747 0.50817 0.229763 0.432601 0.360145 0.232801 0.0500426 0.0648656 0.0583122 0.122192 0.0822817 0.106667 0.120518 0.0841655 0.0701299 0.289474 0.358277 0.376923 0.190341 0.187643 0.319559 0.115473 1
0.130531 0.257608 0.119251 0.170233 0.335024 0.190003 0.144751 0.0361632 0.142455 0.153439 0.134411 0.200029 0.480207 0.433742 0.374962 0.569815 0.629676 0.666494 0.700926 0.514769 0.515072 0.628054 0.772067 0.770106 0.567623 0.434079 0.388696 0.223652 0.0580357 0 0.145395 0.459335 0.577444 0.378696 0.232382 0.573689 0.929477 0.834564 0.337234 0.32854 0.664273 0.771917 0.350317 0.182814 0.17913 0.176632 0.143064 0.248278 0.262494 0.261818 0.358566 0.46077 0.327273 0.321637 0.231293 0.0512821 0.119318 0.0778032 0.305785 0.159353 1
0.0752212 0.0270039 0.086728 0.124822 0.215065 0.313088 0.417749 0.412789 0.338516 0.294008 0.126329 0.0759086 0.373974 0.35939 0.507774 0.654386 0.696508 0.743584 0.827162 0.849422 0.959422 0.983437 0.862774 0.631493 0.49457 0.492786 0.677907 0.844277 0.818689 0.569831 0.268992 0.264435 0.252862 0.178166 0.12509 0.0882056 0.0587142 0.0471041 0.0551339 0.155773 0.226752 0.264835 0.133842 0.221721 0.28675 0.245063 0.201376 0.119197 0.153963 0.101818 0.0388446 0.064194 0.0623377 0.0292398 0.015873 0.0641026 0.0482955 0.135011 0.0688705 0.106236 0
0.079646 0.00685812 0.0594612 0.0351878 0.0286584 0.104811 0 0.075634 0.106027 0.051766 0.122359 0.0416178 0.145099 0.172218 0.181463 0.194891 0.166511 0.13039 0.0761624 0.0386344 0.0887437 0.300378 0.432553 0.580576 0.669672 0.792819 0.852295 0.920543 0.836343 0.705763 0.633243 0.536621 0.435997 0.534499 0.503631 0.388004 0.101465 0.00291151 0.0514442 0.110458 0.109554 0.207692 0.342429 0.251868 0.0932613 0.0795392 0.0577689 0.0901467 0.137304 0.089697 0.148406 0.166904 0.335065 0.0467836 0.0725624 0.0358974 0.3125 0.125858 0.126722 0.150115 1
0.143068 0.109301 0.0344941 0.168806 0.252853 0.42408 0.807089 0.750827 0.479639 0.573717 0.518077 0.160903 0.638837 1 0.913432 0.827397 0.68853 0.774026 0.872607 0.839576 0.886172 0.94612 1 0.89499 0.775205 0.815068 0.632524 0.438864 0.465503 0.295941 0.246866 0.0644799 0 0.126232 0.164774 0.208468 0.10059 0.158989 0.318364 0.362418 0.232658 0.139072 0.344627 0.33329 0.198038 0.148519 0.250453 0.395627 0.539626 0.393939 0.314741 0.0699001 0.4 0.219298 0.829932 0.248718 0.352273 0.652174 0.352617 0.039261 0
0.471239 0.275611 0.237188 0.25535 0.612478 0.3104 0.477273 0.205954 0.353176 0.473187 0.26074 0.167204 0.553908 0.558008 0.237436 0.424283 0.580769 0.560727 0.808121 0.875321 0.499157 0.629179 0.827805 0.661817 0.770082 0.86232 0.82141 0.680527 0.327516 0.617024 0.72545 0.875983 0.648955 0.534393 0.279943 0.0629032 0.0676799 0.36997 0.596353 0.370806 0.412739 0.58022 0.595112 0.53646 0.773102 0.774685 0.578595 0.743935 0.655729 1 0.242032 0.28816 0.924675 0.669591 1 1 1 1 0.666667 0.212471 0
0.0818584 0.0612945 0.20565 0.398003 0.633528 0.660306 0.78842 0.894157 0.726788 0.830402 0.785907 0.759525 0.761192 0.519852 0.496539 0.694382 0.823024 0.775481 0.812224 0.931828 1 0.920663 0.771008 0.535908 0.442828 0.550832 0.521798 0.379477 0.0748782 0.188772 0.165995 0.0205572 0.217053 0.190461 0.0108418 0.147883 0.0941395 0.214516 0.295172 0.335294 0.311639 0.0952381 0.163714 0.177918 0.161501 0.0707625 0.0132198 0.0832585 0.187784 0.146667 0.15239 0.119829 0.0779221 0.25731 0.260771 0.00512821 0.505682 0.208238 0.316804 0.13164 1
0.0545723 0.114874 0.076544 0.0425583 0.0398174 0.199678 0.393669 0.257773 0.221235 0.286858 0.384801 0.418816 0.36836 0.234506 0.184472 0.131284 0.114807 0.213403 0.290869 0.323523 0.299642 0.294551 0.355092 0.516443 0.63207 0.747439 0.869104 1 0.980317 0.677107 0.489482 0.518535 0.512654 0.384738 0.166206 0.107762 0.133282 0.0964958 0.127767 0.273856 0.317661 0.544078 0.489461 0.163489 0.207421 0.149753 0.268924 0.414795 0.361434 0.213333 0.198207 0.125535 0.254545 0.24269 0.0430839 0.102564 0.0511364 0.15103 0.162534 0.0277136 0
0.292035 0.116159 0.193495 0.111032 0.107025 0.0760548 0.156385 0.234179 0.172072 0.312741 0.153268 0.161049 0.281129 0.129215 0.0746314 0.105231 0.0574034 0.0326234 0.165895 0.248181 0.244941 0.320417 0.32415 0.303555 0.329098 0.290891 0.358336 0.652326 0.92431 1 0.876948 0.661986 0.501208 0.402756 0.273908 0.194254 0.328559 0.459187 0.608897 0.667647 0.534221 0.419536 0.344239 0.404148 0.608757 0.584476 0.63582 0.736149 0.635538 0.396364 0.180279 0.298146 0.0857143 0.0263158 0.133787 0.328205 0.298295 0.107551 0.231405 0.0877598 0
0.0420354 0.00900129 0.0243101 0.000713267 0.0895257 0.205052 0.310877 0.208159 0.281505 0.315315 0.309514 0.387456 0.279545 0.0448592 0.116662 0.269286 0.401202 0.509506 0.56417 0.588292 0.657778 0.782538 0.891279 0.982379 1 0.830378 0.585566 0.283244 0 0.203792 0.419946 0.507077 0.517904 0.609327 0.513961 0.372681 0.220643 0.139025 0.158866 0.341285 0.256514 0.289011 0.349929 0.299279 0.245095 0.199808 0.212785 0.259958 0.19788 0.158788 0.0916335 0.0998573 0.171429 0.207602 0.0634921 0.153846 0.0965909 0.0755149 0.030303 0.0715935 0
0.121681 0.187741 0.151445 0.152164 0.392594 0.210965 0.152327 0.224035 0.459055 0.401115 0.423082 0.41017 0.410105 0.238631 0.165613 0.116629 0.254274 0.430545 0.646644 0.752033 0.679595 0.426746 0.19805 0.271181 0.485041 0.798656 1 0.921573 0.849736 0.757324 0.576567 0.537632 0.666492 0.636778 0.494119 0.352621 0.378089 0.35666 0.314991 0.289107 0.380776 0.461294 0.446528 0.270033 0.146574 0.109435 0.126947 0.157532 0.121656 0.141818 0.121514 0.162625 0.283117 0.25731 0.047619 0.0538462 0.0653409 0.107551 0.198347 0.0369515 0
0.134218 0.166309 0.121222 0.0042796 0.046665 0.141629 0.193182 0.115325 0.189842 0.226226 0.204877 0.327374 0.425651 0.311849 0.273648 0.192754 0.08424 0.156779 0.30465 0.349957 0.397344 0.531541 0.623609 0.7155 0.780021 0.777949 0.878874 0.956978 0.897524 0.662405 0.613188 0.570209 0.481046 0.451934 0.222768 0.133569 0.155368 0.141312 0.311512 0.425272 0.306775 0.24652 0.155955 0.0328524 0.0423657 0.0947614 0.141434 0.232704 0.18627 0.0690909 0.0906375 0.179743 0.238961 0.0935672 0.117914 0.174359 0.107955 0.0961098 0.126722 0.110855 0
0.315634 0.188598 0.0722733 0.225868 0.554147 0.674281 0.548701 0.355678 0.25559 0.42471 0.496952 0.751465 0.862099 0.780551 0.8387 0.901079 1 0.886857 0.86882 0.773759 0.700253 0.752684 0.615556 0.304375 0.188115 0.149576 0.29709 0.263792 0.183137 0.112709 0.0591826 0.107616 0.18219 0.0966614 0.148716 0.0966734 0.241745 0.233025 0.196606 0.115795 0.0860452 0.338828 0.308418 0.0328524 0.279642 0.203374 0.0785947 0.187781 0.25896 0.573333 0.247012 0.379458 0.519481 0.383041 0.405896 0.130769 0.119318 0.256293 0.415978 0.21709 0
0.0258112 0.00471496 0.0837714 0.0932002 0.22597 0.195646 0.228896 0.256891 0.281653 0.310167 0.316461 0.475967 0.449834 0.241415 0.175645 0.192652 0.201948 0.329351 0.602146 0.707299 0.825675 0.822922 0.826852 0.93935 0.949795 0.978081 0.997269 1 0.902192 0.61745 0.367847 0.281285 0.164129 0.152729 0.158126 0.106855 0.0425323 0.0580223 0.0263546 0.0336601 0.0245512 0.123565 0.246864 0.287168 0.313193 0.310614 0.319812 0.328541 0.281676 0.172121 0.27988 0.223966 0.132468 0 0.047619 0.148718 0.0596591 0.1373 0.0440771 0.0508083 0
0.528024 0.53279 0.54205 0.341893 0.348973 0.717012 0.682359 0.36538 0.0579002 0.143143 0.205586 0.428488 0.441198 0.195009 0.200622 0.246082 0.149933 0.212675 0.327688 0.123502 0.220489 0.649525 0.971813 0.975105 0.803176 0.616808 0.465805 0.522746 0.761465 0.493981 0.503433 0.428555 0.386748 0.179544 0 0.417238 0.562541 0.218363 0.175311 0.284532 0.286856 0.538095 0.410966 0.103968 0.169463 0.292649 0.586925 0.882001 0.744069 0.255758 0.359562 0.621969 0.584416 0.818713 0.306122 0.402564 0.494318 0.437071 0.567493 0.117783 0
0.182153 0.246892 0.35611 0.243699 0.230028 0.585327 0.64881 0.819405 0.817859 0.869584 0.85694 1 0.771556 0.52047 0.646805 0.688887 0.66418 0.745558 0.887334 0.852205 0.786467 0.666394 0.395253 0.349247 0.521619 0.164335 0.482088 0.849012 0.597808 0.841696 0.875204 0.521343 0.145437 0.264653 0.410044 0.29869 0.63033 0.662681 0.527514 0.501307 0.496468 0.309035 0.275314 0.286266 0.300114 0.024136 0.244114 0.222821 0.0656234 0.128485 0.0328685 0.319544 0.418182 0.248538 0.394558 0.615385 0.889204 0.368421 0.258953 0.166282 1
0.050885 0.063009 0.0906702 0.0889206 0.224195 0.174684 0.103084 0.0449835 0.0913668 0.23452 0.238338 0.13643 0.215777 0.0557905 0.215468 0.504681 0.713087 0.768935 0.602567 0.304473 0.339481 0.24568 0.340468 0.729638 0.864037 0.804274 0.765942 0.779951 0.558847 0.321935 0.332643 0.388789 0.303791 0.156969 0.245883 0.314012 0.113383 0.0691484 0.138098 0.195316 0.0942675 0.107082 0.110694 0.12252 0.140176 0.131103 0.077146 0.121893 0.0535083 0.21697 0.0557769 0.32525 0.283117 0.368421 0.251701 0.14359 0.15625 0.0640732 0.195592 0.0900693 1
0.0855457 0.163309 0.103154 0.00475511 0.165864 0.332975 0.431006 0.407277 0.375389 0.44044 0.45073 0.513189 0.413272 0.170465 0.135821 0.199471 0.249611 0.436468 0.630444 0.695419 0.790261 0.787752 0.872099 1 0.986168 0.942064 0.944742 0.929498 0.830154 0.59657 0.358583 0.271624 0.164339 0.209645 0.204562 0.125706 0.0185874 0.0244359 0.110162 0.146296 0.0562826 0.121978 0.211949 0.246844 0.296417 0.320214 0.355668 0.389338 0.319536 0.221818 0.136454 0.202568 0.184416 0.0643275 0.0702948 0.171795 0.105114 0.01373 0.0385675 0.182448 0
0.058997 0.129447 0.172142 0.0839277 0.138473 0.251814 0.265963 0.295259 0.372723 0.519377 0.558628 0.624707 0.751404 0.415592 0.331227 0.339304 0.318827 0.257247 0.375342 0.661066 0.752319 0.659544 0.544665 0.589694 0.639754 0.84734 0.980985 0.936188 0.841213 0.581762 0.536349 0.7286 0.577549 0.321357 0.0299683 0.310181 0.354144 0.363731 0.563462 0.45719 0.311639 0.529548 0.556317 0.622391 0.722775 0.267691 0.278703 0.610063 0.532055 0.304242 0.355578 0.24679 0.0363636 0.269006 0.287982 0.0923077 0.110795 0.0617849 0.0826446 0.0623557 0
0.260324 0.170167 0.0992116 0.0558726 0.190971 0.333244 0.305195 0.134068 0.0118466 0.0561991 0.0874805 0.338365 0.184252 0.103022 0.119571 0.153369 0.111387 0.0945455 0.143383 0.0513699 0.164102 0 0.194659 0.236451 0 0.110365 0.448787 0.69154 0.677861 0.621072 0.717275 0.558189 0.643075 0.900477 0.950701 0.960181 0.804833 0.664344 0.638836 0.719281 0.657209 0.622589 0.491659 0.293481 0.216378 0.109846 0.145599 0.225217 0.285714 0.212121 0.0577689 0.118402 0.402597 0.438597 0.170068 0.169231 0.375 0.146453 0.212121 0.143187 1
0.0412979 0.0415774 0.0394218 0.103661 0.0471722 0.189196 0.180736 0.150606 0.00621946 0.112255 0 0.193142 0.180366 0.078581 0.139733 0.108386 0.0562636 0.173714 0.0350305 0.0928938 0.265493 0.14201 0.0110204 0.121606 0.0158811 0.0806256 0.306545 0.470461 0.513596 0.521466 0.612534 0.627387 0.660191 0.920509 1 0.95131 0.886508 0.695643 0.666878 0.676362 0.54916 0.501221 0.364154 0.21966 0.202019 0.13316 0.159181 0.258461 0.179202 0.282424 0.250996 0.0499287 0.111688 0.192982 0.267574 0.258974 0.144886 0.0663616 0.198347 0.13164 1
0.278024 0.0437205 0.0827858 0.0473134 0.0869896 0.104542 0.275974 0.360529 0.300607 0.337194 0.339005 0.412222 0.385634 0.208415 0.113753 0.19998 0.177495 0.191896 0.288975 0.393193 0.480502 0.585318 0.690368 0.758324 0.885041 0.968168 0.987394 0.98065 0.945617 0.844679 0.651226 0.336217 0.351885 0.317117 0.113327 0.0362903 0.0965449 0.171259 0.135041 0.100871 0.0817603 0.250794 0.312557 0.210126 0.109326 0.0991498 0.165158 0.243187 0.250379 0.122424 0.0886454 0.10699 0.194805 0.0467836 0.165533 0.0974359 0.193182 0.0938215 0.0578512 0.0184757 0
0.0176991 0.0244321 0.0450066 0.066096 0.0616282 0.0489116 0.0982143 0.0478501 0.0367244 0.048477 0.0287821 0.111372 0.178494 0.0949778 0.0598856 0.0758193 0.0857942 0.109506 0.0766884 0.0479452 0.140704 0.357428 0.404684 0.560188 0.657172 0.721996 0.753546 0.851276 0.971591 0.917013 0.765123 0.764435 0.764465 0.61929 0.490744 0.445464 0.393177 0.405324 0.427577 0.395643 0.186682 0.0555556 0.102548 0.163489 0.217941 0.0946242 0.0727997 0.159928 0.115093 0.0884848 0.061753 0.0770328 0.298701 0.122807 0.113379 0.228205 0.110795 0 0.143251 0.0692841 1
0.157817 0.155594 0.00821288 0.0753685 0.0984022 0.362806 0.589286 0.249835 0.0999556 0.217074 0.343116 0.457503 0.562401 0.425596 0.547096 0.717586 0.806963 0.915325 1 0.937714 0.90683 0.933442 0.73339 0.502715 0.396107 0.277784 0.682845 0.867538 0.899858 0.788431 0.42485 0.102786 0.129371 0.240806 0.288534 0.225 0.107916 0.173963 0.221695 0.291176 0.14476 0 0.0453899 0.1479 0.189224 0.0378497 0.138175 0.188979 0.155982 0.290909 0.114542 0.0798859 0.0441558 0.327485 0.328798 0.133333 0.0653409 0.0594966 0.283747 0.362587 1
0.0530973 0.0171453 0.021682 0.040894 0.131626 0.155872 0.25974 0.145976 0.0741892 0.100815 0.14547 0.238277 0.374982 0.237806 0.221587 0.244861 0.267744 0.271792 0.360825 0.431828 0.543107 0.638483 0.658154 0.751767 0.882787 0.936006 1 0.852203 0.67431 0.529882 0.399455 0.285554 0.162554 0.0504505 0.0969623 0.209375 0.203914 0.24883 0.204301 0.144553 0.133526 0.206227 0.227079 0.183458 0.129087 0.0189248 0.084933 0.143756 0.0802625 0.0545455 0.0149402 0.0627675 0.0857143 0.201754 0.244898 0.117949 0.0767045 0.139588 0.157025 0.0554272 1
0.264749 0.248607 0.20138 0.113172 0.0476794 0.354743 0.551677 0.590739 0.443507 0.355212 0.452857 0.551436 0.631927 0.585439 0.791754 0.825361 0.801782 0.893714 0.981906 0.891053 0.88301 0.935283 0.906962 0.788546 0.66373 0.594449 0.460553 0.319473 0.475649 0.341856 0.282616 0.0969445 0.0279324 0.137573 0.172139 0.175101 0.14848 0.0585422 0.259119 0.314706 0.143833 0.174237 0.371783 0.263721 0.151265 0.191306 0.192865 0.157832 0.199394 0.221818 0.351594 0.156919 0.150649 0.663743 0.0589569 0.212821 0.34375 0.251716 0.267218 0.277136 0
0.256637 0.202315 0.0929698 0.0361388 0.34035 0.487503 0.356061 0.34355 0.241078 0.190333 0.241032 0.281067 0.385634 0.340002 0.396128 0.427132 0.516527 0.616 0.683884 0.725492 0.829153 0.861057 0.895518 0.941809 0.952459 1 0.952411 0.973755 0.894683 0.701289 0.542779 0.309144 0.215058 0.186222 0.201084 0.146472 0.0393615 0.115941 0.145899 0.235185 0.111407 0.1221 0.25514 0.217985 0.267415 0.16141 0.141072 0.148248 0.248359 0.235152 0.249004 0.152639 0.480519 0.131579 0.204082 0.117949 0.178977 0.254005 0.198347 0.0623557 0
0.137168 0.0737248 0.0850854 0.0413695 0.166624 0.196453 0.324405 0.27409 0.297645 0.372801 0.269247 0.410463 0.399453 0.184181 0.0877721 0.147364 0.150347 0.187532 0.161161 0.0909675 0.000948567 0.196708 0.399491 0.584366 0.685041 0.73301 0.872571 0.903252 0.850649 0.902738 1 1 0.76625 0.681611 0.652654 0.685887 0.720206 0.576999 0.569576 0.665142 0.634742 0.54591 0.635071 0.742334 0.712681 0.554306 0.565556 0.668464 0.547703 0.501818 0.251992 0.175464 0.114286 0.274854 0.217687 0.225641 0.227273 0.0389016 0.129477 0.0692841 0
0.14823 0.0895842 0.0847569 0.0192582 0.0735481 0.183553 0.236201 0.188093 0.159337 0.12298 0.12959 0.126905 0.145099 0.153553 0.236634 0.201099 0.163714 0.144416 0.0265096 0.0651755 0.157357 0.138227 0.216382 0.527303 0.840164 1 0.86175 0.664677 0.547179 0.428785 0.340817 0.185464 0.120025 0.199258 0.294262 0.228226 0.0773016 0 0.0165507 0.127887 0.217834 0.226984 0.205224 0.12136 0.11942 0.0918815 0.0619341 0.140461 0.180212 0.164848 0.0816733 0.188302 0.101299 0.122807 0.151927 0.0435897 0.125 0.0480549 0.0220386 0.0254042 1
0.191003 0.101157 0.19908 0.119353 0.269338 0.234077 0.484307 0.372657 0.202132 0.242385 0.294485 0.0981829 0.225277 0.385583 0.517203 0.727661 0.902808 0.923117 0.730065 0.407427 0.483874 0.688375 0.762107 0.832394 0.721619 0.60337 0.55447 0.397489 0.339996 0.407372 0.237929 0.181982 0.153838 0.0586116 0.358188 0.580948 0.489394 0.204222 0.0662028 0.340632 0.420382 0.35641 0.217768 0.226875 0.239266 0.0999726 0.215502 0.38844 0.377587 0.0812121 0.253984 0.149786 0.267532 0.219298 0.0929705 0.179487 0.286932 0.361556 0.603306 0.385681 1
0.221239 0.105444 0.0499343 0.100095 0.211768 0.256651 0.268128 0.254465 0.172664 0.20306 0.26074 0.337046 0.360155 0.260905 0.186077 0.134643 0.187649 0.212156 0.262466 0.28735 0.345067 0.382067 0.494755 0.683741 0.781557 0.81683 0.915853 1 0.897524 0.622457 0.59782 0.443833 0.264622 0.220668 0.168047 0.084879 0.161601 0.141416 0.219376 0.249455 0.249913 0.381929 0.217897 0.0869621 0.16861 0.251371 0.340094 0.333633 0.156487 0.173333 0.13745 0.142653 0.148052 0.0994152 0.14966 0.00769231 0.144886 0.0732265 0 0.113164 0
0.138643 0.0492928 0.119908 0.0166429 0.119199 0.207471 0.267316 0.175744 0.157115 0.233662 0.270665 0.364156 0.276522 0.149943 0.201525 0.165276 0.100404 0.195844 0.196087 0.262307 0.357715 0.34884 0.449931 0.644606 0.77582 0.823218 0.913856 0.976225 0.892147 0.682753 0.655913 0.52404 0.359761 0.296449 0.137261 0.0912298 0.202165 0.193408 0.249315 0.221678 0.240649 0.378266 0.273115 0.127673 0.084447 0.266045 0.350779 0.324049 0.169611 0.214545 0.208167 0.179743 0.231169 0.108187 0.0884354 0.0974359 0.0710227 0.0755149 0.0330579 0.0230947 0
0.239676 0.265324 0.120237 0.0473134 0.0948516 0.248589 0.339286 0.39581 0.380868 0.572573 0.70268 0.748095 0.772996 0.37558 0.292808 0.296458 0.276863 0.243532 0.520619 0.778682 0.86836 0.863715 0.693441 0.683537 0.722029 0.866946 1 0.981062 0.896916 0.578992 0.485232 0.557965 0.431482 0.285745 0.0563568 0.218649 0.136781 0.371738 0.605735 0.553268 0.227099 0.52674 0.491013 0.556815 0.695479 0.260697 0.170228 0.408506 0.457345 0.174545 0.327689 0.189729 0.0363636 0.166667 0.210884 0.0974359 0.153409 0.10984 0.0881543 0.120092 0
0.108407 0.0150021 0.0735874 0.0910604 0.142785 0.220102 0.361201 0.225579 0.218718 0.238238 0.265844 0.341735 0.418166 0.366711 0.437556 0.52646 0.585121 0.660052 0.716916 0.795805 0.888385 0.966057 1 0.989038 0.936066 0.888864 0.914277 0.910251 0.777902 0.575796 0.35782 0.32532 0.189331 0 0.0914391 0.172177 0.22108 0.255797 0.197133 0.283007 0.347771 0.304029 0.241433 0.278279 0.181689 0.105321 0.19377 0.283318 0.32105 0.275152 0.12749 0.235378 0.337662 0.304094 0.126984 0.392308 0.241477 0.0755149 0.143251 0.0554272 0
0.151917 0.0252893 0.0489488 0.101997 0.114634 0.200752 0.210768 0.392062 0.318821 0.242671 0.320431 0.402696 0.351231 0.167062 0.0638981 0.254834 0.406694 0.614649 0.766674 0.752354 0.799642 0.845926 0.940659 0.943653 0.964652 0.784668 0.471478 0.378345 0.376623 0.528497 0.744087 0.914963 0.93962 0.902385 0.659712 0.465121 0.130658 0.141936 0.341134 0.554575 0.557846 0.445177 0.289668 0.105128 0.0561558 0.107652 0.190511 0.309674 0.385664 0.261818 0.166335 0.115549 0.119481 0.0146199 0.156463 0.138462 0.0369318 0.153318 0.201102 0.073903 0
0.0368732 0.0497214 0.0174113 0.0118878 0.0380421 0.0489116 0.133658 0.114664 0.144973 0.142428 0.0918758 0.0866061 0.105945 0.0657935 0.146053 0.153063 0.0952233 0.103792 0.0632232 0.0674229 0.172218 0.272978 0.389425 0.607417 0.812193 0.958365 0.819309 0.56937 0.458908 0.311708 0.244687 0.113008 0.145542 0.208161 0.218574 0.165827 0.0260223 0.0247478 0.155598 0.254357 0.30388 0.364469 0.294194 0.190673 0.156668 0.161547 0.110105 0.0997305 0.139324 0.121212 0.0229084 0.0870185 0.051948 0.0497076 0.104308 0.0820513 0.0653409 0.0755149 0.0137741 0.0669746 1
0.702802 0.349336 0.201708 0.130766 0.139488 0.296963 0.246483 0.919074 0.839479 0.702417 0.453566 0.214537 0.272348 0.290193 0.420604 0.52412 0.216247 0.156779 0.148748 0.820312 1 0.394336 0.0420685 0.173036 0.223258 0.316004 0.253388 0.325957 0.368608 0.490039 0.199891 0.329252 0.451958 0.625755 0.662985 0.735383 0.765909 0.770407 0.676471 0.560131 0.27817 0.181807 0.261089 0.287426 0.600085 0.420598 0.240674 0.404013 0.533569 0.604848 0.205179 0.0927247 0.197403 0.856725 0.417234 0.533333 0.349432 0.453089 0.575758 0.0808314 0
0.510324 0.534076 0.470434 0.37708 0.412376 0.199409 0.184524 0.196692 0.223308 0.162162 0.290798 0.223916 0.302289 0.29308 0.47086 0.547629 0.521915 0.350234 0.430149 0.567744 0.732715 0.759125 0.545512 0.616535 0.661373 0.683996 0.744406 0.802079 0.845475 0.924257 0.984305 0.85273 0.40796 0.406571 0.483686 0.164516 0.360923 0.351461 0.260384 0.0337691 0.57568 0.842002 0.554507 0.394615 0.829542 0.780581 0.476277 0.358191 0.496214 0.453333 0.289841 0.211127 0.498701 0.365497 0.274376 0.34359 0.369318 0.292906 0.421488 0.489607 0
0.0848083 0 0.0239816 0.0946267 0.116155 0.181672 0.242965 0.195369 0.242263 0.19591 0.176237 0.126612 0.101627 0.0993091 0.116963 0.100041 0.185266 0.255896 0.330949 0.510916 0.649347 0.793375 0.922963 0.900318 0.917213 1 0.981196 0.906546 0.815747 0.676361 0.590518 0.566502 0.489867 0.548702 0.542907 0.528024 0.489285 0.354268 0.153911 0.177887 0.15275 0.0754579 0.0787534 0.0483123 0.0757748 0.038124 0.0324158 0.034142 0.0368501 0.140606 0.0916335 0.0998573 0.0935065 0.00877193 0.0113379 0.105128 0.102273 0.0434783 0.0606061 0.0230947 1
0.267699 0.133733 0.134034 0.0694246 0.436216 0.411986 0.231061 0.168026 0.252332 0.27742 0.403516 0.422333 0.504102 0.372486 0.583709 0.784246 0.972956 1 0.983484 0.851241 0.835898 0.903998 0.559924 0.38869 0.584631 0.646767 0.620653 0.485591 0.551339 0.449345 0.462888 0.327342 0.366691 0.390249 0.213869 0.096371 0.105073 0.0500156 0.23171 0.333551 0.265084 0.324542 0.221518 0.0752383 0.174865 0.3017 0.398044 0.321653 0.213529 0.196364 0.0926295 0.0542083 0.101299 0.19883 0.217687 0.15641 0.164773 0.135011 0.115702 0.108545 1
0.181416 0.111444 0.0683311 0.164289 0.328937 0.379199 0.347132 0.352591 0.264919 0.2717 0.368779 0.500293 0.478768 0.332268 0.430735 0.532872 0.610092 0.675429 0.71902 0.79741 0.830944 0.860137 0.867225 0.959738 0.970902 0.903183 0.850404 0.876287 0.768669 0.543092 0.412207 0.275893 0.276909 0.196502 0.0963486 0.0105847 0.10398 0.218051 0.13346 0.107407 0.206601 0.241392 0.244019 0.176501 0.195621 0.0421009 0.067548 0.181491 0.201413 0.204848 0.134462 0.305278 0.441558 0.342105 0.0362812 0.307692 0.144886 0.0411899 0.0743802 0.039261 0
0.119469 0.126018 0.0896846 0.0798859 0.142785 0.113948 0.177219 0.127453 0.0812972 0.0715001 0.197221 0.474795 0.630056 0.506858 0.629652 0.716365 0.497772 0.357714 0.226173 0.287778 0.45879 0.65525 0.723323 0.919373 1 0.752175 0.537031 0.606011 0.861506 0.636945 0.467357 0.514379 0.29959 0.303551 0.271351 0.216331 0.0484365 0.0228762 0.0714738 0.053268 0.135495 0.113187 0.212466 0.244911 0.157378 0.262891 0.265665 0.1174 0.179707 0.327273 0.167331 0.134094 0.303896 0.0994152 0.156463 0.307692 0.272727 0.12357 0.0853994 0.0300231 1
0.20944 0.292327 0.320959 0.228959 0.185899 0.141629 0.0262446 0.167144 0.249667 0.126555 0.0331774 0.0978898 0.355693 0.29143 0.349985 0.379605 0.374365 0.215481 0.195771 0.255672 0.27403 0.457929 0.526756 0.439812 0.432787 0.412931 0.43492 0.689996 0.759131 0.683072 0.752044 0.791058 0.782316 0.531532 0.38294 0.298589 0.104745 0.210565 0.148535 0.161329 0.613434 0.779853 0.548429 0.588379 0.81888 0.725864 0.595255 0.384247 0.352347 0.404848 0.340637 0.643367 0.706493 0.473684 0.183673 0.107692 0.568182 0.290618 0.31405 0.0207852 0
0.079646 0.129876 0.0505913 0.0606277 0.0738017 0 0.0403139 0.115546 0.155042 0.103246 0.036722 0.0895369 0.26515 0.235537 0.184472 0.190311 0.115428 0.257039 0.560699 0.756849 0.773609 0.848175 0.503232 0.349759 0.587398 0.810001 1 0.863421 0.624696 0.423778 0.376894 0.24399 0.245721 0.257446 0.25918 0.263911 0.398316 0.435999 0.376239 0.261983 0.164679 0.158486 0.066727 0.0434166 0.127097 0.118075 0.157914 0.133273 0.0676426 0.26303 0.187251 0.178317 0.675325 0.625731 0.154195 0.292308 0.0653409 0.203661 0.0220386 0.0877598 1
0.188053 0.0368624 0.042707 0.0523062 0.0874968 0.176028 0.268669 0.238809 0.106471 0.201201 0.196512 0.166178 0.169426 0.11055 0.211957 0.528394 0.671537 0.542857 0.273406 0.275043 0.412943 0.547388 0.553036 0.607929 0.808607 0.980064 0.981406 0.914162 0.738535 0.758815 0.870954 0.780499 0.650425 0.622258 0.615322 0.593952 0.586486 0.505251 0.269133 0.154575 0.190272 0.241148 0.2854 0.229065 0.192351 0.188289 0.135639 0.14136 0.164059 0.21697 0.0448207 0.108417 0.012987 0.0233918 0.14059 0.0897436 0.332386 0.295195 0.190083 0.189376 1
