0 0 0.0168067 0 0 0 0 0.0192308 0.0553191 0.0317848 0.065 0.265501 0.0468468 0.0594595 0 0.0176871 0.0253906 0 0 0.0096 0.0075 0 0 0 0.16515 0.0169051 0 0 0.0140056 0.0599078 0.0299539 0 0 0 0.0138249 0.0460829 0.0188679 0.0384615 0 0.0138249 0 0 0 0 0 0 0 0 0.00704935 0.030672 0 0 0 0 0.001497 0.0142643 0.145717 0
0 0 0 0 0 0 0 0 0 0 0 0 0 0 0 0 0 0 0.289829 0 0.26875 0 0 0 0 0 0 0 0 0 0 0 0 0 0 0 0 0 0 0 0.30112 0 0 0 0 0.14986 0 0 0 0.046125 0 0 0 0 0.00197447 0.0045045 0.00797182 0
0 0 0 0 0 0 0 0 0 0 0 0 0 0 0 0 0 0 0 0 0 0 0 0 0.541612 0.540962 0.1664 0.958525 0.291317 0.958525 0.958525 0.958525 0 0.958525 0.958525 0.958525 0 0 0 0.958525 0 0 0 0 0 0 0 0 0 0.275345 0 0 0 0 0.00366967 0.00750751 0.00556174 0
0 0 0.0392157 0 0.029 0 0 0 0 0 0 0.141494 0 0 0 0.0190476 0 0 0 0 0 0 0.0595745 0 0 0 0 0 0 0 0 0 0.0601915 0 0 0.0668203 0 0 0 0 0 0 0 0 0 0 0 0 0.00553877 0.0156872 0 0 0.00665658 0 0.00184234 0.00750751 0.0543196 1
0 0 0 0 0 0 0 0 0 0 0 0 0 0 0 0 0 0 0 0 0 0 0 0 0 0 0 0 0 0 0 0 0 0 0 0 0 0 1 0 0 0 0 0 0.5555 0 0 0 0 0.349333 0 0 0 0 0.000857357 0.00225225 0.00185391 0
0.0425 0.0182073 0.338936 0 0.043 0.372671 0.0591472 0.0833333 0.293617 0.127139 0.13 0.206677 0.0306306 0 0.25974 0.0938776 0.015625 0.290514 0.218722 0.0272 0.13 0 0.404255 0.0385488 0 0 0 0 0 0 0 0 0 0 0 0 0 0 0 0.0184332 0 0 0 0 0.004 0 0 0 0 0.0250527 0 0.0460846 0.0732224 0.008 0.00772072 0.436937 0.248053 1
0 0.0385154 0.154062 0 0.223 0 0.0756534 0 0 0 0 0.0874404 0.0990991 0 0 0.0748299 0.544922 0 0.351935 0 0.20875 0 0 0 0 0 0 0 0 0 0 0 0 0 0 0 0 0 0 0 0 0 0 0 0 0 0 0 0 0.0606415 0 0.217462 0.104387 0 0.00564715 0.104354 0.0368928 1
0 0 0 0 0 0 0 0 0 0 0 0 0 0 0 0 0 0 0 0 0 0 0 0 0 0 0 0 0 0 0 0 0 0 0 0 0 0 0 0 0 0 0 0 0 0 0 0 0 0 0 0 0 0 0.00187688 0.00375375 0.00148313 0
0 0 0.0840336 0 0.03 0.559006 0 0.0961539 0 0 0 0.0476948 0.0540541 0 0 0.0408163 0.0585938 0.0592885 0.189919 0 0.3775 0 0 0.0680272 0 0 0 0 0 0 0 0 0 0 0 0 0 0 0 0 0 0 0 0 0.015 0 0 0 0 0.0491688 0 0 0.0635401 0.032 0.00110811 0.00750751 0.0342974 1
0 0 0 0 0.185 0 0 0 0 0 0 0.294118 0.333333 0 0 0 0 0 0.166517 0 0 0 0 0 0 0 0 0 0 0 0 0 0 0 0 0 0 0 0.166517 0 0 0 0 0 0 0 0 0 0 0 0 0 0 0 0.00107207 0.00225225 0.0020393 0
0 0 0 0 0 0 0 0 0 0 0 0.507154 0 0 0 0 0.207031 0 0 0 0 0 0 0 0 0.137841 0 0 0 0 0 0 0 0 0 0 0 0 0.0954095 0 0 0 0 0 0 0 0 0 0 0.0334816 0 0 0 0 0.00257357 0.00900901 0.0139043 0
0 0 0 0 0 0 0 0 0 0 0 0 0 0 0 0 0 0 0 0 0 0 0 0 0 0 0 0 0 0 0 0 0 0 0 0 0 0 0 0 0 0 0 0 0 0 0 0 0 0 0 0 0 0 0.000345345 0.00225225 0.00278087 0
0 0.052521 0.103641 0 0.151 0 0 0.11859 0 0.0904645 0.375 0.300477 0 0 0 0.102041 0.0722656 0.22332 0.545455 0 0.52 0 0 0 0 0 0 0 0 0 0 0 0 0 0 0 0 0 0 0.0852535 0 0 0 0 0 0 0 0 0 0 0 0.0747075 0.0417549 0 0.00140691 0.00750751 0.017056 1
0 0 0.0392157 0 0.028 0 0.0192572 0 0 0 0.07 0.0222576 0 0 0 0 0 0 0.257426 0.3424 0.25 0.289355 0.0595745 0 0 0 0 0 0 0 0 0 0 0 0 0 0 0 0 0 0 0 0 0 0.007 0 0 0 0 0.0112386 0 0.0433843 0.0217852 0.267692 0.00786486 0.027027 0.22766 1
0 0 0 0 0 0 0 0 0 0 0 0 0 0 0 0 0 0 0 0 0 0 0 0 0 0 0 0 0 0 0 0 0 0 0 0 0 0 0 0 0 0 0 0 0.1665 0 0 0 0 0.147038 0 0 0 0 0.000750751 0.003003 0.00259548 0
0 0 0 0 0 0 0 0.179487 0 0 0 0 0 0 0 0 0 0 0.10081 0 0 0 0 0 0 0 0 0 0 0 0 0 0 0 0 0 0 0 0.10081 0 0 0 0 0 0.056 0.0784314 0 0 0 0.0423788 0.0550796 0.0325833 0 0 0.00525526 0.0247748 0.0281795 0
0 0 0.0420168 0 0.031 0 0.0206327 0 0.268085 0.0366748 0.075 0 0 0 0 0.15102 0 0.250988 0.0711071 0 0 0 0 0 0.0617685 0 0 0 0 0 0 0 0 0 0 0 0.0449927 0 0 0.0345622 0 0 0 0 0 0 0 0 0 0.0206041 0 0.155176 0.213918 0.0135385 0.00664114 0.0375375 0.208936 1
0.0375 0 0.341737 0 0.045 0 0.0206327 0 0.259574 0.149144 0 0.120827 0.0540541 0 0.12987 0.0829932 0.119141 0 0.164716 0.072 0.34375 0 0 0.0680272 0 0 0 0 0 0 0 0 0 0 0 0 0 0 0 0 0 0 0 0 0 0 0 0 0 0.0262234 0 0.125653 0.0202723 0 0.00615766 0.0465465 0.148313 1
0 0 0 0 0.054 0.167702 0 0.519231 0 0.396088 0 0 0 0 0.233766 0 0 0.0533597 0.194419 0 0.3375 0 0 0 0 0 0 0 0 0 0 0 0 0 0 0.31106 0 0 0 0.373272 0 0 0 0 0 0 0 0 0 0.00889721 0.0232558 0.0833483 0 0 0.0104219 0.048048 0.074898 1
0 0 0 0 0 0 0 0 0 0 0 0 0 0 0 0 0 0 0 0 0 0 0 0 0 0 0 0 0 0 0 0 0 0 0 0 0 0 0 0 0 0 0 0 0 0 0 0 0 0 0 0 0 0 8.25825e-05 0.0015015 0.00685947 1
0 0 0.165266 0 0 0 0 0.189103 0 0 0 0.475358 0 0 0 0 0 0 0.107111 0 0 0 0 0 0.0773732 0.076723 0 0 0 0 0.135945 0 0 0 0 0 0 0 0 0 0 0 0 0 0 0 0 0 0 0.0915476 0 0 0 0 0.00125526 0.0045045 0.0164998 0
0.0825 0 0 0 0 0 0 0 0.140426 0 0 0 0 0 0 0 0 0 0.029703 0 0 0 0 0 0 0 0 0 0 0 0 0 0.451436 0 0 0 0 0 0 0 0 0 0 0 0 0 0 0 0 0.104893 0 0.010081 0 0 0.00118318 0.00375375 0.017056 0
0 0 0 0 0 0 0 0 0 0 0 0 0 0 0 0 0 0 0 0 0 0 0 0 0 0 0 0 0 0 0 0 0 0 0 0 0 0 0 0 0 0 0 0 0 0 0 0 0 0 0 0 0 0 0.000333333 0.000750751 0.00185391 0
0 0 0.0896359 0 0.064 0.397516 0.0440165 0.102564 0 0 0 0.0508744 0.0576577 0 0 0.0435374 0.0625 0 0.20432 0 0.405 0 0 0.0725624 0 0 0 0 0 0 0 0 0 0 0 0 0 0 0 0 0 0 0 0 0.016 0 0 0 0 0.0248185 0 0 0.0481089 0.0326154 0.000806306 0.00675676 0.0263255 1
0 0 0 0 0.024 0 0 0 0 0 0 0.0381558 0 0 0 0 0 0 0 0 0 0 0 0 0 0 0 0 0 0 0 0 0.369357 0 0 0.0552995 0 0 0 0 0 0 0 0 0 0.0336134 0 0.224299 0 0.0456568 0 0 0 0 0.00178979 0.0255255 0.0441231 0
0 0 0 0 0 0 0 0 0 0 0 0.756757 0 0 0 0 0 0 0 0 0 0 0 0 0 0 0 0 0 0 0 0 0 0 0 0 0 0 0 0 0 0 0 0 0 0 0 0 0 0 0 0.138434 0 0 0.000642643 0.00225225 0.00166852 0
0.02 0 0.047619 0 0 0.0496894 0 0 0.0340426 0 0 0 0.0144144 0 0 0 0 0.0158103 0.377138 0 0.17375 0 0 0 0 0 0 0 0 0 0 0 0 0 0 0 0 0 0 0 0 0 0 0 0.013 0 0 0 0.00780463 0.0182627 0 0.0140414 0 0 0.000171171 0.00600601 0.050241 0
0.0425 0 0.022409 0 0.042 0.0496894 0.0110041 0.134615 0.0340426 0.0195599 0 0.0953895 0.0306306 0.0306306 0 0 0.0332031 0.0158103 0.108011 0 0.39625 0 0.144681 0.0181406 0 0 0 0 0 0 0 0 0 0 0 0 0 0 0 0 0 0 0 0 0 0 0 0 0 0.0189651 0.0165239 0.0171017 0.00393343 0 0.00460961 0.0352853 0.106229 1
0 0 0.313725 0 0.056 0 0 0 0 0.136919 0 0 0 0 0 0.0761905 0 0 0.20252 0 0.14 0 0 0 0 0 0 0 0 0 0 0 0 0 0 0 0 0 0 0 0 0 0 0 0.028 0 0 0 0 0.023882 0 0.110711 0 0 0.00210661 0.0135135 0.0252132 1
0 0 0.0980392 0 0.035 0.440994 0 0 0 0 0 0.112878 0 0 0 0 0 0 0.0639064 0 0.04375 0 0 0 0 0 0 0 0 0 0 0 0.0478796 0 0 0 0.0507983 0 0.0315032 0 0 0 0.0980392 0 0.0175 0 0 0 0 0.029033 0 0.0669667 0 0 0.000962463 0.00825826 0.0202076 0
0 0 0 0 0.312 0 0.143054 0.333333 0 0.254279 0 0.165342 0 0 0 0.282993 0 0 0.187219 0 0.13 0 0 0 0 0 0 0 0 0 0 0 0 0 0 0 0 0 0 0 0 0 0 0 0.052 0 0 0 0 0 0 0 0 0 0.0145526 0.048048 0.025584 1
0 0 0 0 0 0 0.169188 0 0 0 0 0 0 0 0 0.167347 0 0 0 0 0 0 0 0 0 0 0 0 0 0 0 0 0 0 0 0 0 0 0 0 0 0 0 0 0 0 0 0 0 0 0 0.350855 0 0 0.000569069 0.00525526 0.00723026 1
0.055 0 0 0 0 0.136646 0.0302613 0 0 0.0537897 0 0.0349762 0 0 0 0.029932 0 0 0.182718 0 0.0275 0 0 0 0 0 0 0 0 0 0 0 0 0 0 0 0 0 0 0 0 0 0 0 0 0 0 0 0 1 0 0.116472 0 0 0.0013048 0.015015 0.0396737 1
0 0 0 0 0 0 0 0 0 0 0 0 0.473874 0 0 0 0 0 0.236724 0 0.21875 0 0.370213 0 0 0 0 0 0 0 0 0 0 0 0 0 0 0 0 0 0 0 0 0 0 0 0 0 0.0362538 0 0 0.70333 0 0 0.0194114 0.0518018 0.0359659 1
0 0 0 0 0 0 0 0 0 0 0 0.214626 0 0 0 0 0 0 0.243024 0 0.16875 0 0 0 0 0.175553 0 0 0 0 0 0 0 0 0 0 0 0 0 0 0 0 0.378151 0 0 0 0 0 0 0 0 0 0 0 0.00132132 0.003003 0.00852799 0
0 0 0 0 0 0 0 0 0 0 0 0.176471 0 0 0 0 0 0 0 0 0 0 0 0 0.288687 0.215865 0 0.25576 0 0 0 0 0 0 0.25576 0 0.0798258 0 0 0 0 0 0 0.0330132 0 0 0 0 0 0 0 0 0 0 0.00152853 0.00825826 0.0196515 0
0 1 0 0 0 0 0 0 0 0 0 0 0 0 0 0 0 0 0 0 0 0 0 0 0 0 0 0 0 0 0 0 0 0 0 0 0 0 0 0 0 0 0 0 0 0 0 0 0 0 0 0 0 0 0.0012012 0.003003 0.00148313 0
0 0 0 0 0 0 0 0 0 0 0 0 0 0 0 0 0 0 0 0 0 0 0 0 0 0 0 0 0 0 0 0 0 0 0 0 0 0 0 0 0 0 0 0 0 0 0 0 0 0 0 0 0 0 0 0 0.000370782 0
0.085 0.0182073 0.0728291 0 0.008 0.267081 0.0110041 0.0833333 0.0340426 0.359413 0.17 0.0826709 0.171171 0 0.0735931 0.0108844 0 0 0.272727 0 0.0975 0 0.144681 0.0770975 0 0 0 0 0 0 0 0 0 0 0 0 0 0 0 0 0 0 0 0 0.0085 0 0 0 0 0.0112386 0 0.0466247 0.0783661 0.0393846 0.00350601 0.0457958 0.0993697 1
0 0 0 0 0 0 0 0 0 0 0 0 0 0 0 0 0 0 0 0 0 0 0 0 0.604681 0 0 0 0 0 0 0 0 0 0 0 0 0 0 0 0 0 0 0 0 0 0 0 0 0 0 0 0 0 0.00333634 0.00600601 0.00519095 0
0 0 0 0 0 0 0 0 0 0 0 0.136725 0 0 0 0 0 0 0 0 0 0 0 0 0 0 0 0 0 0 0 0 0 0 0 0 0.124819 0 0 0 0 0 0 0 0 0 0 0 0 0 0 0 0 0 0.000888889 0.00525526 0.00778643 0
0 0 0 0 0.229 0 0 0 0 0 0 0.18124 0 0 0 0.62449 0 0 0.309631 0 0.1425 0 0 0 0 0 0 0 0 0 0 0 0 0 0 0 0 0 0 0 0 0 0 0 0.057 0 0 0 0 0.151253 0 0.349055 0 0 0.0112027 0.0217718 0.0202076 1
0.0625 0 0.142857 0 0 0.15528 0 0 0 0.0293399 0 0 0.045045 0 0 0.0340136 0.0488281 0.0750988 0.160216 0 0.06375 0 0 0 0 0 0 0 0 0 0 0 0 0 0 0 0 0 0 0 0 0 0 0 0.019 0.607843 0 0 0.00478348 0.00444861 0 0 0.0114977 0 0.000963964 0.012012 0.0381906 0
0 0 0 0 0 0 0 0 0 0 0 0 0 0 0 0 0 0 0 0 0 0 0 0 0.565019 0.564369 0.1736 1 0.303922 1 1 1 0 1 1 1 0 0 0 1 0 0 0 0 0 0 0 0 0 0.272067 0 0 0 0 0.003503 0.00750751 0.00537634 0
0 0 0.322129 0 0.038 0.236025 0 0 0 0 0 0.0604134 0 0 0 0.209524 0 0 0.486049 0 0.28875 0 0 0.0861678 0 0 0 0 0 0 0 0 0 0 0 0 0 0 0 0 0 0 0 0 0 0 0 0 0 0.0458909 0 0.0469847 0 0 0.00700601 0.0412913 0.050241 1
0 0.0322129 0 0 0.115 0 0.0316369 0.073718 0 0.112469 0 0.109698 0.0414414 0 0 0 0.134766 0.136364 0.248425 0 0.23 0 0 0.0521542 0 0 0 0 0 0 0 0 0 0 0 0.264977 0 0 0 0 0 0 0 0 0 0 0 0 0 0.00842894 0.0220318 0.151395 0.0108926 0 0.00129429 0.0382883 0.0526511 1
0.0125 0 0.0812325 0 0.023 0.10559 0.00687758 0 0 0 0.325 0.130366 0 0 0 0.103401 0.0214844 0.0217391 0.137714 0.0464 0.1625 0 0.0978723 0.0113379 0 0 0 0 0 0 0 0 0 0 0 0 0 0 0 0 0 0 0 0 0 0 0 0 0.00226586 0.0302037 0 0.0183618 0.0783661 0 0.00074024 0.00525526 0.122173 1
0 0 0 0 0 0 0 0 0 0 0 0 0 0 0 0 0 0 0.230423 0 0 0 0 0 0 0 0 0 0 0 0 0 0 0 0 0 0 0 0 0 0 0 0 0 0 0.717087 0 0 0 0 0 0.0446445 0 0 0.00015015 0.000750751 0.00185391 0
0 0 0 0 0 0 0 0 0 0 0 0 0 0 0 0 0 0 0 0 0.3375 0 0 0 0 0 0.108 0 0 0 0 0 0 0 0 0 0 0 0 0 0 0 0 0 0 0 0 0 0 0 0 0.0777678 0 0 0.0015015 0.0112613 0.0109381 0
0 0.0490196 0.294118 0 0.035 0 0 0 0 0 0 0.111288 0 0 0 0.047619 0 0.27668 0.221422 0 0.175 0 0 0 0 0 0 0 0 0 0 0 0 0 0 0 0 0 0 0 0 0 0 0 0.0175 0 0 0 0 0.0131117 0 0.161476 0 0 0.00515015 0.0900901 0.0647015 1
0 0 0 0 0 0 0 0 0 0 0 0 0 0 0 0 0 0 0.0774077 0 0.1075 0 0 0 0 0 0 0 0 0 0 0 0 0 0 0 0 0 0 0 0 0 0 0 0 0.120448 0 0 0 0 0 0 0 0 0.00315766 0.0375375 0.0164998 0
0 0 0 0 0.086 0 0.118294 0 0 0 0 0 0 0 0.372294 0 0 0.339921 0.0774077 0 0 0 0 0 0 0 0 0 0 0 0 0 0 0 0 0.198157 0 0 0 0 0 0 0 0 0.043 0 0 0 0 0.0636853 0 0 0.0411498 0 0.00531682 0.0225225 0.0200222 1
0 0 0 0 0 0 0 0 0 0 0 0 0 0 0 0 0 0 0 0 0 0 0 0 0 0 0 0 0 0 0 0 0 0 0 0 0 0 0 0 0 0 0 0 0.2775 0 0 0 0 0 0 0 0 0 0.00107207 0.00375375 0.0020393 0
0 0 0 0 0 0 0 0.570513 0 0 0 0 0 0.320721 0 0 0 0 0 0 0 0 0 0 0 0 0 0 0 0 0 0 0 0 0 0 0 0 0 0 0 0 1 0 0 0 0 0 0 0 0 0 0 0 0.000666667 0.003003 0.00222469 0
0 0 0 0 0 0 0 0 0 0 0 0.317965 0 0 0 0 0 0 0.090009 0 0.125 0 0 0 0 0 0 0 0 0 0 0 0 0 0 0 0 0 0 0 0 0 0 0 0 0 0 0 0 0.0807773 0 0 0 0 0.001 0.00375375 0.0100111 0
0 0 0 0 0 0 0 0 0 0 0 0 0 0 0 0 0 0 0 0 0 0 0 0 0 0 0 0 0 0 0 0 0 0 0 0.260369 0 0 0 0 0 0 0 0 0 0.158263 0 0 0 0.0318427 0 0 0 0.251692 0.00125676 0.00825826 0.0124212 0
0 0.0252101 0 0 0.036 0 0 0 0 0.0880196 0 0.0572337 0 0 0 0 0 0 0.0972097 0 0 0.541229 0 0 0 0 0 0 0 0 0 0 0 0 0 0 0 0 0 0 0 0 0 0 0 0 0 0 1 0 0 0.0113411 0 0.310154 0.00814264 0.0315315 0.0617353 0
0.015 0 0.0672269 0 0.01 0 0 0.0544872 0.0723404 0.0415648 0 0.0158983 0.00540541 0 0 0.00408163 0 0 0.0405041 0 0.025 0 0.012766 0 0.076723 0.158648 0 0 0 0 0 0 0 0 0 0 0.197388 0 0 0 0 0 0.0168067 0 0.0225 0 0 0 0.0450655 0.0714119 0.0177479 0.00522052 0.00332829 0.0141538 0.00272222 0.0187688 0.465146 1
0 0.022409 0.268908 0 0 0 0 0 0 0.156479 0 0.203498 0 0 0 0 0 0 0.316832 0 0.2 0 0 0 0.0624187 0.208062 0 0 0 0.147465 0 0 0 0 0 0 0.0464441 0 0 0 0 0 0 0 0 0 0 0 0 0.0149848 0 0.0230423 0 0 0.00098048 0.003003 0.0157582 0
0 0 0 0 0 0 0 0 0 0 0 0.160572 0 0 0 0.137415 0 0 0.181818 0 0 0 0 0 0 0 0 0 0 0 0 0 0 0 0 0 0 0 0 0 0 0 0 0 0 0 0 0 0 0 0 0.0588659 0 0 0.000394895 0.00375375 0.004264 0
0 0 0 0 0 0 0 0 0 0 0 0 0 0 0 0 0 0 0 0 0 0 0 0 0 0 0 0 0 0 0 0 0 0 0 0 0 0 0 0 0 0 0 0 0 0 0 0 0 0 0 0 0 0 0 0 0.000556174 0
0 0 0 0 0 0 0 0 0 0 0 0.222576 0 0 0 0 0.136719 0 0.126013 0 0.175 0 0 0 0 0 0.028 0 0 0 0.16129 0 0 0 0 0 0 0 0 0.486175 0 0 0 0 0 0 0 0 0 0.0622805 0.0403917 0 0 0 0.0255255 0.149399 0.0698925 0
0.0425 0 0.047619 0 0.152 0.217391 0.00687758 0.0160256 0.0212766 0.0122249 0.025 0.0826709 0.0522522 0.00900901 0 0 0.125 0.00988142 0.378938 0.0368 0.13875 0 0.344681 0.0113379 0 0 0 0 0 0 0 0 0 0 0 0 0 0 0 0 0 0 0.0140056 0 0 0 0 0 0.00251762 0.0121751 0 0.00180018 0.0505295 0 0.00125826 0.00900901 0.0863923 1
0 0 0 0 0.054 0 0 0 0 0 0.27 0.173291 0 0 0 0 0 0 0.343834 0 0 0 0 0 0.141743 0.283485 0 0.124424 0 0.251152 0 0 0 0 0.124424 0 0 0 0 0 0 0 0.151261 0 0.027 0 0 0 0 0.0203699 0 0 0 0 0.0038033 0.0247748 0.0292918 0
0 0 0 0 0 0 0 0 0 0 0 0.346582 0 0 0 0 0 0 0.130513 0 0 0 0 0 0.141743 0 0 0.165899 0 0 0 0 0 0 0 0 0 0 0 0 0 0 0 0.0870348 0 0 0 0 0 0.0285647 0 0 0 0 0.00117868 0.0127628 0.0137189 0
0 0 0 0 0 0 0 0 0 0 0 0 0 0 0 0 0 0 0 0 0 0 0 0 0 0 0 0 0 0 0 0 0 0 0 0 0 0 0 0 0 0.70028 0 0 0 0 0 0 0 0 0 0 0 0 0.001 0.0015015 0.000741565 0
0.1 0 0.112045 0 0 0 0 0 0 0 0 0 0.0720721 0 0 0 0 0 0.144914 0 0 0 0 0 0 0 0 0 0.0280112 0 0 0 0 0 0 0 0 0 0 0 0 0 0 0 0 0 0 0 0 0 0 0 0 0 0.000222222 0.0015015 0.00556174 0
0 0 0.29972 0 0.053 0 0 0 0 0 0 0 0 0 0 0 0 0 0.289829 0.0848 0.13375 0.604198 0 0 0 0 0 0 0 0 0 0 0 0 0 0 0 0 0 0 0 0 0 0 0 0 0 0 0 0 0 0.0477048 0.0266263 0.708308 0.0151141 0.0495495 0.0613645 1
0 0 0 0 0 0 0 0 0 0 0 0 0.196396 0 0 0 0 0 0.19712 0 0 0 0 0 0 0 0 0 0 0 0 0 0 0 0 0 0 0 0 0 0 0 0 0 0 0.152661 0 0 0 0 0 0 0 0 0.00345946 0.0345345 0.0139043 0
0 0 0 0 0 0 0 0 0 0 0 0 0 0 0 0 0 0 0 0 0 0 0 0 0 0 1 0 0 0 0 0 0 0 0 0 0 0 0 0 0 0 0 0 0 0 0 0 0 0 0 0 0 0 0.000375375 0.000750751 0.000741565 0
0 0 0 0 0.476 0 0 0 0 0 0 0.756757 0 0 0 0 0 0 0 0 0 0 0 0 0 0 0 0 0.333333 0 0 0 0 0 0 0 0 0 0 0 0 0.5 0 0 0 0 0 0 0 0 0 0 0 0 0.000345345 0.0015015 0.00278087 0
0 0 0 0 0 0 0 0 0 0 0 0.155803 0 0 0 0 0 0 0 0 0 0 0 0 0.0318596 0.127438 0 0 0 0 0 0 0 0 0 0 0 0 0 0 0 0 0 0 0 0 0 0.457944 0 0 0 0.0286229 0 0 0.000675676 0.0045045 0.0135336 0
0.18 0 0 0 0 0 0 0 0 0 0 0.230525 0 0 0 0 0 0 0.0648065 0 0 0 0 0 0 0 0 0 0 0 0 0 0 0 0 0 0 0 0 0 0 0 0 0 0 0 0 0.672897 0 0 0 0 0 0 0.000611111 0.00375375 0.00685947 0
0 0 0.366947 0 0 0 0 0 0 0 0 0.208267 0 0 0 0 0 0 0.117912 0 0.6575 0 0 0.297052 0 0 0 0 0 0 0 0 0 0 0 0 0 0 0 0 0 0 0 0 0 0 0 0 0 0 0 0 0.0644478 0 0.00573273 0.018018 0.00964034 1
0 0 0.0812325 0 0.087 0 0.03989 0 0.370213 0 0 0.230525 0 0 0 0 0 0.0573123 0.471647 0 0.18125 0 0 0.0657596 0 0 0 0 0 0 0 0 0 0 0 0 0 0 0 0 0 0 0 0 0 0 0 0 0 0.00983376 0 0 0.0257186 0 0.00622372 0.024024 0.0456062 1
0 0 0 0 0.909 0 0 0 0 0 0 0 0 0 0 0 0 0 0 0 0 0 0 0 0 0 0 0 0 0 0 0 0 0 0 0 0 0 0 0 0 0 0 0 0 0 0 0 0 0 0 0 0 0 0 0 0 0
0 0 0.134454 0 0.144 0 0.0660248 0 0 0 0 0.152623 0 0 0 0.0653061 0.1875 0 0.216922 0 0.30125 0 0.204255 0 0 0 0 0 0 0 0 0 0 0 0 0 0 0 0 0 0 0 0 0 0.024 0 0 0 0 0.0189651 0 0.0874888 0.073525 0 0.0062012 0.0578078 0.0435669 1
0 0.092437 0.156863 0 0 0.583851 0 0.0576923 0.157447 0.183374 0 0.329094 0 0 0 0 0.0722656 0 0.220522 0 0.1175 0 0 0.0408163 0 0 0.0072 0 0 0 0 0 0 0 0 0 0 0 0 0 0 0 0 0 0 0 0 0 0 0.018731 0 0.0435644 0.0323752 0 0.00243694 0.0255255 0.0450501 1
0.0225 0.0343137 0.165266 0 0.039 0.118012 0 0 0.0382979 0.0953545 0 0.251192 0.0342342 0 0 0 0.0175781 0 0.337534 0 0.135 0 0 0.0430839 0 0 0 0 0 0 0 0 0 0 0 0 0 0 0 0 0 0 0 0 0 0 0 0 0.195871 0.00866308 0 0.938434 0.296218 0 0.00717868 0.0397898 0.137004 1
0 1 0 0 0 0 0 0 0 0 0 0 0 0 0 0 0 0 0 0 0 0 0 0 0 0 0 0 0 0 0 0 0 0 0 0 0 0 0 0 0 0 0 0 0 0 0 0 0 0 0 0 0 0 0.0012012 0.003003 0.00148313 0
0 0 0.0672269 0 0.049 0 0 0 0.102128 0 0 0 0 0.268468 0 0 0.046875 0 0 0 0.0925 0 0 0 0.0318596 0 0 0 0 0 0 0 0 0 0 0 0.0348331 0 0 0 0 0.156162 0 0 0 0 0 0 0 0.0107703 0 0.0124212 0 0.156923 0.00266667 0.0900901 0.115128 0
0 0 0 0 0 0 0 0 0 0 0 0 0 0 0 0.170068 0 0.247036 0.225023 0 0.15625 0 0 0 0 0 0 0 0 0 0 0 0 0 0 0 0 0 0 0 0 0 0 0 0 0 0 0 0 0 0 0 0 0 0.00476877 0.0405405 0.0129774 0
0 0.0245098 0.196078 0 0.035 0 0 0 0 0 0 0.111288 0 0 0 0.142857 0 0.13834 0.189919 0 0.175 0 0 0 0 0 0 0 0 0 0 0 0 0 0 0 0 0 0 0 0 0 0 0 0.0175 0 0 0 0 0.0285647 0 0.231143 0 0 0.00396246 0.045045 0.057842 1
0 0 0 0 0 0 0 0 0 0 0 0 0 0 0 0.277551 0 0 0.0918092 0.1632 0 0 0 0 0 0 0 0 0 0 0 0 0 0 0 0 0 0 0 0 0 0 0 0 0 0 0 0 0 0.0407399 0 0.0313231 0 0 0.00118168 0.0045045 0.0107527 1
0 0 0.215686 0 0.038 0.236025 0.0522696 0 0 0.188264 0.19 0.0604134 0 0 0 0.104762 0.150391 0.152174 0.207921 0 0.14375 0 0 0.0861678 0 0 0 0 0 0 0 0 0 0 0 0 0 0 0 0 0 0 0 0 0 0 0 0 0.015861 0.0297354 0.156059 0.0918092 0 0 0.00403153 0.0457958 0.0476455 1
0 0 1 0 0 0 0 0 0 0 0 0 0 0 0 0 0 0 0 0 0 0 0 0 0 0 0 0 0 0 0 0 0 0 0 0 0 0 0 0 0 0 0 0 0 0 0 0 0 0.173262 0 0.133213 0 0 0.00175075 0.0045045 0.00463478 0
0 0 0 0 0 0 0 0 0 0 0 0 0 0 0 0 0 0 0 0 0 0 0 0 0 0 0 0 0 0 0 0 0 0 0.0184332 0 0 0 0 0 0 0 0 0 0.004 0 0 0 0 0.529853 0 0 0 0 0.00322673 0.00600601 0.242677 0
0 0 0 0 0 0 0 0 0 0 0 0.162162 0 0 0 0 0 0 0 0 0 0 0 0 0.19896 0.530559 0 0 0 0 0 0 0 0 0.117512 0 0 0 0 0 0 0 0 0 0 0 0 0 0 0.0508078 0 0 0 0 0.00107808 0.00825826 0.0224323 0
0 0 0.148459 0 0 0.329193 0 0 0 0.129584 0 0 0.0954955 0 0 0 0 0 0.193519 0 0.06625 0 0 0 0 0 0 0 0 0 0 0 0 0 0 0 0 0 0 0 0 0 0 0 0.0535 0 0 0 0 0.0236479 0 0 0 0 0.00128679 0.0112613 0.00945495 0
0 0.0469188 0.092437 0 0.033 0.204969 0.045392 0.105769 0 0 0.335 0.158983 0 0 0 0.136054 0.0644531 0.0652174 0.241224 0.4288 0.3775 0 0 0.151927 0 0 0 0 0 0 0 0 0 0 0 0 0 0 0 0 0 0 0 0 0 0 0 0 0 0.0124093 0 0.0288029 0 0.0658462 0.00767417 0.103604 0.0507972 1
0 0 0 0 0 0 0 0 0 0 0 0 0 0 0 0 0 0 0.187219 0 0 0 0 0 0 0 0 0 0 0 0 0 0 0 0 0 0 0 0 0 0 0 0 0 0 0 0 0 0 0 0 0 0 0 0.000642643 0.00225225 0.00166852 0
0 0 0 0 0 0 0 0 0 0 0 0 0.29009 0 0 0 0 0 0 0 0 0 0 0 0 0 0 0 0 0 0 0 0 0 0 0 0 0 0 0 0 0 0 0 0 0 0 0 0 0 0 0 0 0 0.000576576 0.00225225 0.00315165 0
0 0 0 0 0 0 0 0 0 0 0 0.17965 0 0 0 0 0 0 0 0 0 0 0 0 0 0 0 0 0 0 0 0 0 0 0 0 0 0 0.10171 0 0 0.238095 0 0 0 0 0 0 0.0498489 0.0927183 0 0 0 0 0.00161562 0.003003 0.00482017 0
0 0 0 0 0.063 0 0.042641 0.201923 0.131915 0.154034 0.155 0.0492846 0.0558559 0 0 0.0421769 0 0 0.286229 0 0.03875 0 0 0 0 0 0 0 0 0 0 0 0 0 0 0 0 0 0 0 0 0 0 0 0 0 0 0 0 0.0320768 0 0.0246625 0 0 0.00380931 0.0292793 0.0352243 1
0 0 0 0 0 0 0.26685 0 0 0 0 0 0 0 0 0.395918 0.757813 0 0.174617 0 0.2425 0 0 0.439909 0 0 0 0 0 0 0 0 0 0 0 0 0 0 0 0.223502 0 0 0 0 0.0485 0 0 0 0 0.0304378 0 0.0936094 0.0393343 0 0.00790691 0.0187688 0.0172414 1
0 0 0 0 0 0 0 0 0 0 0 0.168521 0 0 0 0 0 0 0.0954095 0 0 0 0 0 0.207412 0.137841 0 0 0 0 0 0 0 0 0 0 0.153846 0 0.190819 0 0 0 0 0 0 0 0 0 0 0.0393351 0 0.030243 0 0 0.00112613 0.0045045 0.0114943 0
0 0 0 0 0.049 0 0.134801 0 0.208511 0 0 0 0 0 0 0 0 0 0.132313 0 0.3075 0 0.208511 0 0 0 0 0 0 0 0 0 0 0 0 0 0 0 0 0 0 0 0.137255 0 0 0 0 0 0 0.109108 0 0 0 0 0.00206156 0.00825826 0.0363367 1
0.1475 0.00630252 0.0252101 0 0.029 0.0559006 0 0.189103 0.251064 0.511002 0.145 0.0143084 0.0522522 0 0.168831 0.0122449 0.154297 0.0770751 0.287129 0.0144 0.21125 0 0.591489 0.22449 0 0 0 0 0 0 0 0 0 0 0 0.0207373 0 0 0.00810081 0 0 0 0 0 0.0095 0 0 0 0.0110775 0.0182627 0 0.060126 0.0402421 0.00676923 0.0217613 0.878378 0.470894 1
0 0 0 0 0 0.248447 0 0 0.170213 0.0977995 0 0 0 0 0.17316 0 0 0 0.109811 0.1952 0.05 0 0 0 0 0.0520156 0.016 0 0 0.0921659 0 0 0 0 0 0 0 0 0 0 0 0 0 0.0486194 0 0.0560224 0 0 0 0.0152189 0 0 0 0 0.00126126 0.00525526 0.0148313 0
0.225 0 0.252101 0 0 0 0 0 0 0 0 0 0 0 0 0 0 0.177866 0.324032 0 0 0 0 0 0 0 0 0 0 0 0 0 0 0 0 0 0 0.576923 0 0 0 0 0 0.108043 0.045 0 0 0 0 0 0 0 0 0 0.00109159 0.003003 0.00333704 0
0 0 0 0 0 0 0 0.346154 0 0 0 0 0 0.194595 0 0 0 0 0 0 0 0 0.459575 0 0 0 0 0 0 0 0 0 0 0 0 0 0 0 0 0 0 0 0 0 0.054 0 0 0 0 0.0447202 0 0.0343834 0.115885 0 0.00442943 0.0165165 0.0144605 1
0 0 0 0 0 0 0 0 0 0 0 0 0 0 0 0 0 0 0 0 0 0 0 0 0 0 0 0 0 0 0 0 1 0 0 0 0 0 0.877588 0 0 0 0 0 0 0 0 0 0 0 0 0 0 0 0.00281532 0.00825826 0.0083426 0
0 0 0 0 0 0 0 0 0 0 0 0 0 0 0 0 0 0 0.249325 0 0 0 0 0 0 0 0 0 0 0 0 0 0 0 0 0 0 0 0 0 0 0 0 0.166267 0.1385 0 0 0 0 0 0 0 0 0 0 0 0.00129774 0
0 0 0 0 0 0 0 0 0 0 0 0 0 0 0 0 0 0 0 0 0 0 0 0 0 0 0 0 0 0 0 0 0 0 0 0 0 0 0 0 0 0 0 0 0 0 0 0 0 0.0828846 0 0 0 0 0.00178228 0.003003 0.0063033 0
0 0 0.366947 0 0 0 0 0 0 0 0 0.208267 0 0 0 0 0 0 0.117912 0 0.6575 0 0 0.297052 0 0 0 0 0 0 0 0 0 0 0 0 0 0 0 0 0 0 0 0 0 0 0 0 0 0 0 0 0.0641452 0 0.00573273 0.018018 0.00964034 1
0 0 0 0 0 0 0 0 0 0 0 0 0 0 0 0 0 0 0.172817 0 0 0 0 0 0 0 0 0 0 0 0 0 0 0 0.442396 0 0 0 0 0 0 0.268908 0 0 0 0 0 0 0 0 0 0.0468047 0 0 0.0018018 0.00675676 0.00797182 0
0 0 0 0 0.053 0 0 0 0 0 0 0.0842607 0.0954955 0 0 0 0 0 0.0477048 0 0.1325 0 0 0 0 0 0.0424 0 0 0 0 0 0 0 0 0 0 0 0 0 0 0 0 0 0.0265 0 0 0 0 0.0440178 0 0 0 0 0.000213213 0.0015015 0.00723026 0
0 0 0 0 0 0 0 0 0 0 0 0 0 0 0 0 0 0 0 0 0 0 0 0 0 0 0.4444 0 0 0 0 0 0 0 0 0 0 0 0 0 0 0.778011 0 0 0 0 0 0 0 0 0 0 0 0 0 0 0.000926956 0
0.085 0.017507 0.070028 0 0.008 0.267081 0.0110041 0.0801282 0.0340426 0.359413 0.17 0.0810811 0.171171 0 0.0735931 0.0108844 0 0 0.272727 0 0.09625 0 0.144681 0.0770975 0 0 0 0 0 0 0 0 0 0 0 0 0 0 0 0 0 0 0 0 0.0085 0 0 0 0 0.0114727 0 0.0473447 0.0795764 0.04 0.00311712 0.0457958 0.0973304 1
0 0 0 0 0 0 0 0 0 0 0 0 0 0 0 0 0 0 0 0 0 0 0 0 0 0 0.02 0 0.035014 0 0 0 0 0 0 0 0 0 0 0 0 0 0 0 0 0 0 0 0 0.117303 0.102203 0 0 0.0510769 0.00447898 0.0202703 0.0441231 0
0.5 0 0 0 0 0 0 0 0 0 1 0.317965 0 0 0 0 0 0 0.180018 0 1 0 0 0 0 0 0 0 0 0 0 0 0 0 0 0 0 0 0 0 0 0 0 0 0 0 0 0 0 0 0 0 0 0 0.00733934 0.021021 0.00964034 0
0 0 0.0560224 0 0.06 0.124224 0 0 0.0425532 0 0 0.0794913 0 0 0 0 0.0195313 0 0.0180018 0 0 0 0 0 0 0 0 0 0 0 0 0 0 0 0 0 0.0145138 0 0 0 0 0 0 0 0 0 0 0 0 0.0114727 0 0 0 0 0.0001997 0.00675676 0.0485725 0
0 0 0.282913 0 0 0 0.0687758 0 0 0.493888 0.755 0.240064 0 0 0 0.0680272 0 0 0.317732 0 0.12625 0 0.642553 0.229025 0 0 0 0 0 0 0 0 0 0 0 0 0 0 0 0 0 0 0 0 0 0 0 0 0 0.0208382 0 0.257606 0.162179 0 0.00463964 0.0165165 0.0415276 1
0 0.0294118 0 0 0.042 0.26087 0 0 0 0 0 0 0 0 0 0.0571429 0 0.083004 0.378038 0 0 0 0.178723 0 0 0 0 0 0 0 0 0 0 0 0 0 0 0 0 0 0 0 0 0 0.021 0 0 0 0 0.018731 0 0.115932 0.0487141 0 0.00228529 0.00975976 0.020393 1
0 0 0.112045 0 0 0 0 0 0 0.195599 0 0 0 0 0 0 0 0 0.0360036 0 0.05 0 0 0 0.0780234 0.104031 0 0 0 0.0921659 0 0 0 0 0 0 0 0 0 0 0 0 0 0 0 0 0 0 0 0.0231796 0 0.00882088 0 0 0.00193393 0.00600601 0.0248424 0
0 0.0252101 0 0 0 0.223602 0.202201 0 0 0.0880196 0.18 0.116057 0 0 0 0.0489796 0 0.217391 0.19802 0 0.09125 0 0.153192 0 0 0 0 0 0 0 0 0 0 0 0 0 0 0 0 0 0 0 0 0 0 0 0 0 0 0.0428471 0 0.0660666 0.0184569 0.0750769 0.0045045 0.0262763 0.0487579 1
0 0 0 0 0 0 0 0 0 0 0 0 0 0 0 0 0 0 0.428443 0 0 0 0 0 0 0 0 0 0 0 0 0 0 0 0 0 0 0 0 0 0 0 0 0 0 0 0 0 0 0 0 0 0 0 0 0 0.000370782 1
0 0 0 0 0 0 0 0 0 0.452323 0 0 0 0 0 0 0 0 0.166517 0 0.4625 0 0 0 0.120286 0 0 0.852535 0 0 0 0 0.253078 0 0.426267 0 0 0 0 0 0 0 0 0 0.0925 0 0 0 0 0.148911 0 0.0572457 0 0 0.00254504 0.0105105 0.0113089 0
0.1875 0 0.103641 0 0 0 0 0 0 0 0 0 0.0666667 0 0 0 0 0 0.10081 0 0.23375 0 0 0 0.0487646 0.0481144 0.0748 0.0852535 0.0259104 0.0852535 0.0852535 0.0852535 0 0.0852535 0.0852535 0.0852535 0.108853 0 0.0333033 0.0852535 0 0 0.736695 0 0.0375 0 0 0 0 0.0714119 0 0.0109811 0 0 0.00135586 0.00900901 0.0216908 0
0 0 0.179272 0 0 0.397516 0 0 0 0 0 0 0 0 0 0.0870748 0 0 0.233123 0 0 0 0.27234 0 0 0 0 0 0 0 0 0 0 0 0 0 0.0928882 0 0 0 0 0 0 0 0 0 0 0 0.0236657 0.0442519 0.173807 0.119172 0 0 0.0136156 0.0975976 0.0539488 1
0 0 0.736695 0 0 0 0 0 0 0 0 0.418124 0 0 0 0 0 0 0.236724 0 0 0 0 0 0.171001 0.342003 0.1052 0 0 0 0 0 0 0 0 0 0 0 0 0 0 0 0 0 0 0 0 0 0 0 0 0 0 0 0 0 0.00129774 0
0.2125 0.0595238 0 0 0.17 0 0 0 0 0.207824 0 0.135135 0 0 0 0 0 0 0 0 0.10625 0 0 0 0 0.110533 0 0 0 0 0 0 0 0 0 0 0 0 0 0 0 0 0 0 0 0 0 0 0 0.0643877 0 0 0 0 0.000825826 0.003003 0.00556174 0
0 0 0.246499 0 0 0 0 0 0.374468 0 0 0 0 0 0 0 0 0 0 0 0 0 0 0 0 0 0 0 0 0 0 0 0 0 0 0 0 0 0 0 0 0 0 0 0 0 0 0 0 0.0737532 0 0 0 0 0.000249249 0.0015015 0.00370782 0
0 0 0 0 0 0 0 0 0 0 0 0 0 0 0 0 0 0 0.0630063 0 0 0 0 0 0 0 0 0 0 0 0 0 0 0 0 0 0 0 0 0 0 0 0 0 0 0 0 0 0 0.0447202 0 0 0.0287443 0.0584615 0.00103303 0.00750751 0.0189099 0
0 0 0.333333 0 0 0 0 0.189103 0 0 0 0 0 0 0.515152 0 0 0 0.267327 0 0.14875 0 0 0 0.115735 0.154746 0.0952 0.135945 0.0413165 0.135945 0.135945 0.135945 0 0.135945 0.135945 0.135945 0 0 0.0531053 0.135945 0 0 0.165266 0 0.0595 0 0 0 0 0.046125 0.0599755 0 0 0 0.00180631 0.00825826 0.0218762 0
0 0 0 0 0 0 0 0 0 0 0 0 0 0 0 0 0 0 0 0 0 0 0 0 0 0 0.8 0 0 0 0 0 0 0 0 0 0 0 0 0 0 0 0 0 0 0 0 0 0 0 0 0 0 0 0 0 0.000741565 0
0 0 0 0 0 0 0 0 0 0 0 0 0 0 0 0 0 0 0.438344 0 0.10125 0 0 0 0 0 0 0 0 0 0 0 0 0 0 0 0 0 0 0 0 0 0 0 0 0 0 0 0 0.111918 0 0 0 0 0.0005 0.00225225 0.00500556 0
0.31 0 0 0 0 0 0 0 0 0.151589 0 0.197138 0 0 0 0.0843537 0 0 0.167417 0 0.3875 0 0 0 0 0 0 0 0 0 0 0 0 0 0 0 0 0 0 0 0 0 0 0 0.062 0 0 0 0 0.0234137 0 0.19892 0.0608169 0 0.0178739 0.115616 0.0500556 1
0.015 0 0.19888 0 0.123 0.118012 0.0261348 0.0384615 0.27234 0.0611247 0.19 0.0715421 0.0216216 0 0.757576 0.00816327 0.0117188 0.203557 0.122412 0.0512 0.06375 0 0.493617 0.0136054 0 0 0 0 0 0 0 0 0 0 0 0 0 0 0 0.0138249 0 0 0.0336134 0 0.003 0.00840336 0 0 0.00251762 0.0334816 0 0.049685 0.0556732 0.00615385 0.0132447 0.363363 0.418613 1
0 0.0756303 0 0 0 0 0 0 0 0 0 0.171701 0 0 0 0 0 0 0 0 0 0 0 0 0 0 0 0 0 0 0 0 0 0 0 0 0 0 0 0 0 0 0 0 0 0 0 0 0 0.0423788 0 0 0 0 0.000918919 0.00750751 0.00908417 0
0 0.0567227 0 0 0.203 0 0 0.128205 0 0.295844 0 0.128776 0 0 0 0.0544218 0 0 0.328533 0 0.2025 0 0.689362 0.090703 0 0 0 0 0 0 0 0 0 0 0 0 0 0 0 0 0 0 0 0 0.02 0 0 0 0 0 0 0 0.0822995 0 0.00329129 0.0247748 0.0305895 1
0 0 0 0 0 0 0 0 0 0 0 0 0 0 0 0 0 0 0 0 0 0 0 0 0 0 0 0 0 0 0 0 0 0 0 0 0 0 0 0 0 0 0 0 0 0 0 0 0 0.129244 0 0 0 0 0 0 0.000556174 0
0.045 0.00980392 0.070028 0 0 0 0 0.0224359 0 0.0342298 0.015 0.122417 0.0126126 0.00540541 0 0 0.00585938 0.0355731 0.00990099 0 0.03125 0.00524738 0 0 0 0 0 0 0.00210084 0.0253456 0 0 0.00410397 0 0 0.0852535 0.0899855 0 0 0 0.0252101 0 0.00840336 0 0 0.0308123 0 0.168224 0.00478348 0.0969328 0 0.000720072 0 0 0.00209159 0.0292793 0.332592 0
0 0 0.0784314 0 0.028 0 0 0 0 0 0 0.311606 0 0 0 0 0 0 0 0 0 0 0 0 0 0 0 0 0 0 0 0 0 0 0.0645161 0 0.0812772 0 0 0 0 0 0 0 0 0 0 0 0 0.0421447 0 0 0 0 0.000785285 0.00750751 0.0294772 0
0 0 0 0 0.054 0.335404 0 0 0 0 0 0.173291 0 0 0 0 0 0 0.146715 0 0.0675 0 0 0 0 0 0 0 0 0 0 0 0 0 0 0 0 0 0 0 0 0.0378151 0 0 0 0 0 0 0.0752769 0.0465933 0 0 0 0 0 0 0.00241009 0
0 0 0 0 0 0 0 0 0 0 0 0 0 0 0 0 0 0 0.0855086 0 0 0 0 0 0.0617685 0 0 0 0 0 0 0 0.129959 0 0 0 0 0 0 0 0 0 0 0.114046 0 0 0 0 0.0662135 0.0922501 0 0 0 0 0.00171471 0.003003 0.00815721 0
0 0 0.64986 0 0 0 0 0 0 0 0 0 0 0 0 0 0 0 0 0 0 0 0 0 0 0 0 0 0 0 0 0 0 0 0 0 0 0 0 0 0 0 0 0 0 0 0 0 0 0.199953 0 0 0 0 0.00123574 0.00525526 0.00556174 0
0 0 0 0 0 0.198758 0 0 0 0 0 0 0 0 0 0 0.1875 0 0 0 0 0 0 0 0 0 0 0 0 0.516129 0 0 0 0 0 0 0 0 0.0288029 0 0 0 0 0 0 0 0 0 0.0453172 0.063217 0.0275398 0 0 0 0.0015015 0.00975976 0.0328142 1
0 0.047619 0.0952381 0 0 0 0 0.108974 0 0 0.17 0 0 0 0 0.234014 0 0 0.0927093 0 0.2575 0 0 0 0 0 0 0 0 0 0 0 0 0 0 0 0 0 0 0.078341 0 0 0 0 0.017 0 0 0 0 0.0107703 0 0 0 0 0.00351952 0.0795796 0.0357805 0
0 0 0 0 0.043 0 0 0 0 0 0 0.0683625 0 0 0 0 0 0 0.19712 0 0 0 0 0 0 0 0.0172 0 0 0 0 0 0.119015 0 0 0 0 0 0 0 0 0 0 0 0 0 0 0 0.0198892 0.0369937 0 0 0 0 0.000172673 0.000750751 0.00519095 0
0 1 0 0 0 0 0 0 0 0 0 0 0 0 0 0 0 0 0 0 0 0 0 0 0 0 0 0 0 0 0 0 0 0 0 0 0 0 0 0 0 0 0 0 0 0 0 0 0 0 0 0 0 0 0.0012012 0.003003 0.00148313 0
0 0 0.0588235 0 0 0.130435 0 0 0 0.0513447 0.105 0.203498 0 0 0 0 0.0410156 0 0.115212 0 0.08 0 0 0 0 0 0 0 0 0 0 0 0 0 0 0 0.0928882 0 0 0 0 0 0 0 0 0 0 0.598131 0 0 0 0 0.0293495 0 0.00217868 0.0405405 0.0470894 0
0.065 0.0035014 0.406162 0 0.037 0.0621118 0 0 0.0425532 0.0244499 0.105 0.170111 0 0 0 0 0 0 0.30423 0 0.17375 0 0 0.0725624 0 0 0 0 0 0 0 0 0 0 0 0 0 0 0 0 0 0 0 0 0.0025 0 0 0 0 0.0177944 0 0.0471647 0.0562784 0.0153846 0.0162057 0.216216 0.42399 1
0 0 0 0 0 0 0 0 0 0 0 0 1 0 0 0 0 0 0 0 0 0 0 0 0 0 0 0 0 0 0 0 0 0 0 0 0 0 0 0 0 0 0 0 0 0 0 0 0 0 0 0 0.945537 0 0.00211862 0.00675676 0.00741565 1
0.215 0 0 0 0 0 0 0 0 0 0 0 0 0 0 0 0 0 0 0 0 0 0 0 0 0 0 0 0 0 0 0 0.117647 0 0 0 0 0.551282 0 0 0 0 0 0.103241 0 0 0 0 0 0 0 0 0 0 0.000846847 0.0045045 0.0111235 0
0 0 0 0 0 0 0 0 0 0 0 0 0 0 0 0 0 0 0 0 0 0 0 0 0 0 1 0 0 0 0 0 0 0 0 0 0 0 0 0 0 0 0 0 0 0 0 0 0 0 0 0 0 0 0.0020015 0.003003 0.00111235 0
0 0 0 0 0 0 0 0 0 0 0 0 0 0 0 0 0 0 0 0 0 0 0 0 0 0 0 0 0 0 0 0 0 0 0 0 0 0 0 0 0 0 0 0 0.068 0 0 0 0 0 0 0 0 0 0 0 0.00129774 0
0 0 0 0 0 0 0 0 0 0 0 0 0 0 0 0 0 0 0 0 0 0 0 0 0 0 0.2 0 0 0 0 0 0 0 0 0 0 0 0 0 0 0 0 0 0.25 0 0 0 0 0 0 0.166517 0 0 0.00045045 0.00225225 0.00222469 0
0 0 0 0 0 0 0 0 0 0 0 0 0 0 0 0.142857 0.205078 0 0.283528 0 0.2625 0 0 0 0 0 0 0 0 0 0 0 0 0 0 0 0 0 0 0 0 0 0 0 0.0525 0 0 0 0 0.0854601 0 0.0657066 0.0550681 0 0.00351802 0.0202703 0.0196515 1
0 0 0 0 0.129 0.267081 0.0591472 0 0 0 0 0 0.0774775 0 0 0.0585034 0.0839844 0.0849802 0.154815 0 0.1075 0 0 0 0 0 0 0 0 0 0 0 0 0 0 0 0 0 0 0 0 0 0 0 0 0 0 0 0 0.0302037 0 0.0232223 0 0 0.00720721 0.0337838 0.02132 1
0 0 0.218487 0 0 0 0 0 0 0 0 0.249603 0 0 0 0 0 0 0.282628 0 0 0 0 0 0 0 0 0.361751 0 0 0 0 0 0 0 0 0 0 0 0 0 0.0546218 0 0 0 0.109244 0 0 0 0.102318 0 0.0156616 0 0 0.00272072 0.00900901 0.0164998 0
0 0 0.0644258 0 0.023 0 0 0 0.0978723 0 0 0 0 0.257658 0 0 0.0449219 0 0.0207021 0 0.2675 0 0 0 0.0149545 0 0 0 0 0 0 0 0 0 0 0 0.0333817 0 0 0 0 0.133053 0 0 0 0 0 0 0.0294562 0.0550222 0 0.0210621 0 0.100923 0.00242643 0.119369 0.126437 0
0 0 0 0 0 0 0 0 0 0 0 0 0 0 0 0 0 0 0.0477048 0 0 0 0 0 0 0 0 0 0 0 0 0 0 0 0 0 0.153846 0 0 0 0 0 0 0 0.053 0.371148 0 0 0 0.0753922 0 0 0 0.0793846 0.0024024 0.0127628 0.0335558 0
0 0 0 0 0 0 0 0 0 0.195599 0 0 0 0 0 0.219048 0 0 0.0720072 0 0.1 0 0 0 0.0520156 0 0 0 0 0 0.184332 0 0.109439 0 0 0 0 0 0 0 0 0 0 0 0 0 0 0 0 0.0208382 0 0 0 0 0.00210961 0.0202703 0.0163144 0
0.1225 0 0.207283 0 0.024 0.459627 0.0330124 0.237179 0.102128 0.0586797 0.12 0.195548 0 0 0 0 0.240234 0 0.110711 0.2768 0.30875 0 0.102128 0.1678 0 0 0 0 0 0 0 0 0 0 0 0 0 0 0 0 0 0 0 0 0 0 0 0 0 0.0271599 0 0.294149 0.0468986 0 0.00446697 0.0345345 0.0897293 1
0 0 0 0 0 0 0 0 0 0 0 0 0 0 0 0.219048 0 0 0 0 0 0.12069 0 0 0 0 0 0 0 0 0 0 0 0 0 0 0 0 0 0 0 0 0 0 0 0 0 0 0.179758 0 0 0.0428443 0 0 0.0050045 0.00750751 0.0190953 1
0 0 0.201681 0 0 0 0 0 0 0 0 0 0 0 0 0 0 0 0 0 0 0 0 0 0.046814 0 0 0 0 0 0 0 0 0 0 0 0.104499 0 0.0324032 0 0.0504202 0 0 0 0 0.0504202 0 0 0 0 0 0 0 0 0.00096997 0.00825826 0.0196515 0
0 0 0 0 0 0 0 0 0 0 0 0 0 0 0 0 0 0 0 0 0 0 0 0 0 0 0 0 0 0 0 0 0 0 0 0 0 0 0.169217 0 0 0 0.526611 0 0 0 0 0 0 0.151487 0 0 0 0 0.0027027 0.0127628 0.00760104 0
0 0 0 0 0 0 0 0 0 0 0 0 0 0 0 0 0 0 0.169217 0 0 0 0 0 0 0 0 0 0 0 0 0 0 0 0 0 0 0 0 0 0 0 0 0 0.094 0 0 0 0 0.081948 0 0 0 0 0.000692192 0.00375375 0.00333704 0
0 0.017507 0.0336134 0 0.037 0 0 0.0384615 0 0.0904645 0.125 0.0588235 0.0216216 0 0 0 0.0234375 0 0.0333033 0 0.015 0 0.0510638 0 0.163199 0 0 0 0 0.0576037 0 0 0.0164159 0 0 0 0.0174165 0 0 0 0 0 0 0 0 0 0 0 0.0040282 0.0117069 0 0.0090009 0 0 0.00212312 0.018018 0.0678532 0
0 0 0.19888 0 0.071 0 0 0 0 0 0 0 0 0 0 0.0965986 0 0 0.127813 0 0.08875 0 0 0 0 0 0 0 0 0 0 0 0 0 0 0 0 0 0 0 0 0 0 0 0.0355 0 0 0 0 0.0283306 0 0.19694 0 0 0.00153303 0.0112613 0.0174268 1
0 0 0 0 0 0 0 0 0 0.110024 0 0 0 0 0 0 0 0 0 0 0 0 0 0 0 0 0.018 0 0 0 0 0 0 0 0 0 0 0 0 0 0 0 0 0 0 0 0 0 0 0.0508078 0.177479 0 0 0 0.0051967 0.0202703 0.053578 0
0 0.120448 0 0 0 0 0 0 0 0.420538 0 0 0 0 0 0.234014 0 0.16996 0.0774077 0 0 0 0 0 0 0 0 0 0 0 0 0 0 0 0 0 0 0 0 0 0 0 0 0 0 0 0 0 0 0.0292672 0 0.0451845 0.0759455 0 0.00153453 0.00825826 0.0166852 1
0 0 0 0 0 0 0 0 0 0 0 0 0 0 0 0 0 0 0 0 0 0 0 0 0 0 0 0 0 0 0 0 0 0 0 0 0 0 0 0 0 0 0 1 0 0 0 0 0 0 0 0 0 0 0.000750751 0.0015015 0.000926956 0
0 0 0.156863 0 0 0 0 0 0 0.273839 0 0 0 0 0 0 0 0 0.152115 0 0.07 0.168666 0 0 0 0 0 0 0 0 0 0 0 0 0 0 0 0 0 0 0 0 0 0 0 0 0 0 0 0.11543 0.120563 0.0709271 0 0.242462 0.00380931 0.0157658 0.0437523 1
0 0 0.145658 0 0.013 0 0 0 0 0 0 0.352941 0.117117 0.0234234 0 0 0.0253906 0 0.0117012 0 0.01625 0 0.0553191 0 0.135891 0 0 0 0 0 0 0 0.106703 0 0 0.0599078 0.0377358 0 0 0 0 0 0 0 0 0 0 0 0.00453172 0.017092 0 0 0 0 0.00233634 0.0165165 0.0585836 0
0 0 0 0 0 0 0 0 0 0 0 0.287758 0 0 0 0 0 0 0 0 0.22625 0 0 0 0 0 0 0 0 0 0 0 0 0 0 0 0 0 0 0 0 0 0 0 0 0 0 0 0 0 0 0.0556256 0 0 0.0005 0.00750751 0.0101965 1
0 0 0.154062 0 0.111 0 0 0 0 0 0 0 0.165766 0 0.0779221 0 0.0722656 0.0731225 0.282628 0 0.115 0 0 0 0 0 0 0 0 0 0 0 0 0 0 0 0 0 0 0 0 0 0 0 0 0 0 0 0 0.0435495 0 0.0781278 0 0 0.000566066 0.00225225 0.0133482 1
0.0425 0 0.190476 0 0.034 0.21118 0 0 0 0 0 0 0 0 0 0 0 0.0671937 0.432043 0 0.235 0 0 0 0 0 0 0 0 0 0 0 0 0 0 0 0 0 0 0 0 0 0 0 0.0255 0.0238095 0 0 0 0.00749239 0 0.0117012 0 0 0.000283784 0.003003 0.0126066 0
0 0 0 0 0.012 0 0 0 0 0 0 0.157393 0 0 0 0.0163265 0.0234375 0.0237154 0.0108011 0 0.015 0 0 0 0 0 0 0.0552995 0.00840336 0.0276498 0 0 0 0 0 0.142857 0 0.0769231 0 0 0 0.0259104 0 0 0.006 0.0518207 0 0 0 0.0854601 0 0 0 0 0.00206607 0.03003 0.0910271 1
0 0 0 0 0 0 0 0 0 0 0 0 0 0 0 0 0 0 1 0 0 0 0 0 0 0 0 0 0 0 0 0 0 0 0 0 0 0 0 0 0 0 0 0 0 0 0 0 0 0 0 0 0 0 0.000375375 0.000750751 0.000741565 0
0 0 0.35014 0 0.25 0 0 0 0 0 0 0 0.111712 0 0 0 0 0 0.0558056 0 0 0 0 0 0 0 0 0 0 0 0 0 0 0 0 0 0 0 0 0 0.0868347 0 0 0.07503 0.031 0.0868347 0 0 0 0.0259892 0 0 0 0 0.000427928 0.00225225 0.00482017 0
0.0175 0.00210084 0.0504202 0 0.01 0.0186335 0 0 0.170213 0 0 0.0158983 0 0 0 0 0 0.00592885 0.0126013 0 0.0125 0 0 0 0.0305592 0.0650195 0.0012 0 0 0 0 0 0.103967 0 0 0 0.0464441 0 0 0 0.00980392 0 0 0 0 0 0 0 0.0473313 0.0346523 0.0214198 0 0.00302572 0 0.00335285 0.0487988 0.256952 0
0 0 0.117647 0 0.064 0 0 0 0 0 0 0.0333863 0 0 0 0 0 0 0.0765077 0 0.02625 0 0 0 0.138492 0.0273082 0.0084 0 0 0 0 0 0.291382 0 0 0 0.0609579 0 0.0189019 0.0483871 0 0 0.117647 0.012605 0.032 0 0 0 0.0599194 0.103723 0.0416157 0 0 0 0.00228829 0.0127628 0.0480163 0
0.1725 0 0 0 0.139 0 0.0949106 0 0 0 0 0.109698 0 0 0 0 0 0 0.314131 0 0.17375 0 0 0 0 0 0 0 0 0 0 0 0 0 0 0 0 0 0 0 0 0 0 0 0 0 0 0 0 0 0 0.0352835 0 0 0.00765766 0.042042 0.0337412 1
0 0.0343137 0 0 0 0 0 0 0 0 0 0.0779014 0 0 0 0 0 0 0.264626 0 0.18375 0 0 0 0 0 0 0 0 0 0 0 0 0 0 0 0 0 0 0 0 0 0 0 0 0 0 0 0 0.0564271 0 0 0 0.0492308 0.00115616 0.015015 0.0155729 0
0.245 0.0112045 0.114846 0 0.008 0.149068 0 0.025641 0 0.119804 0.04 0.09062 0.162162 0 0.0692641 0 0 0.0632411 0.221422 0 0.1425 0 0.208511 0.258503 0 0 0 0 0 0 0 0 0 0 0 0 0 0 0 0 0 0 0 0 0 0 0 0 0 0.022243 0 0.135194 0.0771558 0.0584615 0.00474925 0.0623123 0.131813 1
0 0 0 0 0 0.801242 0 0.205128 0 0 0 0 0 0 0 0 0 0 0.348335 0 0.08 0 0 0 0 0 0 0 0 0 0 0 0 0 0 0 0 0 0 0 0 0 0 0 0 0 0 0 0 0 0 0.212241 0.0354009 0 0.0012012 0.00825826 0.0114943 1
0 0 0 0 0 0 0 0 0 0 0 0.0715421 0 0 0 0 0 0 0 0 0 0 0 0 0.117685 0.0585176 0 0 0 0.207373 0 0 0 0 0 0.103687 0 0 0 0 0 0 0 0 0.0225 0 0 0 0 0 0 0 0 0 0.000666667 0.003003 0.0190953 0
0 0 0 0 0 0 0 0 0 0 0 0 0 0 0 0 0 0 0 0 0 0 0 0 0 0 0.8 0 0 0 0 0 0 0 0 0 0 0 0 0 0 0 0 0 0 0 0 0 0 0 0 0 0 0 0 0 0.000741565 0
0.315 0 0 0 0 0 0 0 0 0.308068 0 0.200318 0 0 0 0 0 0.249012 0.227723 0 0 0 0 0 0 0 0 0.582949 0 0 0 0 0 0 0 0 0 0 0 0 0.176471 0 0 0 0.063 0.354342 0 0 0 0 0 0 0 0 0.00276577 0.00750751 0.00982573 0
0 0.0189076 0.229692 0 0.137 0 0.112792 0 0 0.200489 0 0.130366 0 0 0 0.111565 0.0527344 0 0.247525 0 0.1375 0 0.348936 0.0612245 0 0 0 0 0 0 0 0 0.0369357 0 0 0 0 0 0 0 0 0 0 0 0 0 0 0 0 0.0550222 0 0.0423042 0.0568835 0 0.00693994 0.0923423 0.0550612 1
0 0 0 0 0.185 0 0 0 0 0 0 0 0 0 0 0 0 0 0.166517 0 0 0 0 0 0.120286 0.481144 0 0.852535 0 0 0 0 0 0 0.852535 0 0 0 0 0 0 0 0 0 0 0 0 0 0 0.127371 1 0 0 0 0.00203003 0.00750751 0.00723026 0
0 0 0 0 0 0 0 0 0 0 0 0 0 0 0 0 0 0 0 0 0 0 0 0 0 0 0.222 0 0 0 0 0 0 0 0 0 0 0 0 0 0 0 0 0 0.2775 0 0 0 0 0 0 0 0 0 0 0 0.000741565 0
0 0.087535 0 0 0 0 0 0 0.26383 0.305623 0 0 0 0 0 0 0 0 0.168317 0 0.15625 0 0 0 0.121586 0.243173 0.05 0.430876 0.0434174 0.430876 0.142857 0.142857 0 0.142857 0.430876 0.142857 0.271408 0 0.0558056 0.142857 0 0 0.173669 0 0.0935 0 0 0 0 0.111215 0.348837 0 0 0 0.00185886 0.00825826 0.0259548 0
0.3675 0 0 0 0 0 0 0 0 0.359413 0 0 0.264865 0 0 1 0 0 0.264626 0 0.18375 0 0 1 0 0 0 0 0 0 0 0 0 0 0 0 0 0 0 0 0 0 0 0 0 0 0 0 0 0 0 0.228983 0.0768533 0 0.00759009 0.0465465 0.0200222 1
0.065 0 0.145658 0 0.052 0 0 0 0 0.0635697 0 0.0413355 0 0 0 0 0 0.0513834 0.117912 0 0.0325 0 0 0 0 0 0 0 0 0 0 0 0 0 0 0 0 0 0 0 0 0 0 0.0156062 0.026 0.0364146 0 0 0.0118328 0.0110044 0 0.00846085 0 0 0.000121622 0.0015015 0.00964034 0
0.145 0 0.0532213 0 0.175 0.242236 0.0797799 0 0 0.0464548 0.195 0.124006 0.0702703 0 0 0.0789116 0.113281 0.114625 0.386139 0 0.04875 0 0.331915 0 0 0 0 0 0 0 0 0 0 0 0 0 0 0 0 0 0 0 0 0 0.0195 0 0 0 0 0.0634512 0 0.0120612 0.0408472 0 0.00302553 0.015015 0.0350389 1
0 0 0 0 0.087 0 0.11967 0 0 0 0 0 0 0 0 0.357823 0 0.171937 0.236724 0 0 0 0 0 0 0 0 0 0 0 0 0 0 0 0 0 0 0 0 0 0 0 0 0 0 0 0 0 0 0 0 0.143654 0.0481089 0 0.0262072 0.101351 0.037449 0
0 0 0 0 0 0 0 0.227564 0 0 0 0.112878 0 0 0 0.194558 0 0 0.387939 0 0.17875 0 0 0.160998 0 0 0 0 0 0 0 0 0 0 0 0 0 0 0 0 0 0 0 0 0.1075 0 0 0 0 0.0620464 0 0.0237624 0 0 0.00198499 0.0112613 0.0131628 1
0.0575 0.0413165 0.0644258 0 0.023 0.068323 0 0 0.348936 0.288509 0.055 0.317965 0.0414414 0 0 0 0.0214844 0 0.435644 0.7936 0.22125 0 0 0.0521542 0 0 0 0 0 0 0 0 0 0 0 0 0 0 0 0 0 0 0 0 0.0055 0 0 0 0 0.0435495 0 0.0234023 0.0508321 0.0110769 0.00714715 0.130631 0.147201 1
0.1075 0.0182073 0.120448 0 0.078 0.161491 0 0.0544872 0.144681 1 0.04 0.193959 0.0774775 0 0.337662 0.153741 0.0507812 0.37747 0.211521 0 0.29375 0 0.0340426 0.0975057 0 0 0 0 0 0 0 0 0 0 0 0.0184332 0 0 0 0.0184332 0 0 0 0 0 0 0 0 0.0140987 0.0564271 0.0257038 0.127633 0.016944 0 0.00498348 0.0938438 0.208009 1
0 0 0 0 0 0 0.404402 0.471154 0.625532 0.359413 0.735 0 0 0 0 0 0.287109 0 0 0.2352 0.55125 0 0 0 0 0 0 0 0 0 0 0 0 0 0 0 0.213353 0 0 0 0 0 0 0 0 0 0 0 0 0.0332475 0 0.0768677 0.0429652 0 0.137137 0.204955 0.051168 1
0 0 0 0 0.059 0 0 0 0 0 0 0.0937997 0 0 0 0 0 0 0 0 0 0 0 0 0.116385 0.193758 0 0.135945 0 0.205069 0 0 0 0 0.0668203 0 0 0 0 0 0 0 0 0.017407 0 0 0 0 0 0.0330133 0 0 0 0 0.00130631 0.0172673 0.0320727 0
0.5875 0 0 0 0 0 0.323246 0 1 0 0 0.18601 0 0 0 0.159184 0 0 0.211521 0 0 0 1 0 0 0 0 0 0 0 0 0 0 0 0 0 0 0 0 0 0 0 0 0 0 0 0 0 0 0 0 0.030243 0.101664 0 0.00536937 0.012012 0.0218762 1
0 0.0294118 0.117647 0 0.127 0 0.0577717 0 0 0.310513 0 0 0 0 0 0.172789 0 0 0.153015 0.0672 0.15875 0 0 0.0952381 0 0 0 0 0 0 0 0 0 0 0 0 0.184325 0 0 0.0967742 0 0 0 0 0 0 0 0 0 0.0147506 0 0.10297 0.019062 0 0.0069955 0.0405405 0.045977 1
0 0 0 0 0 0 0 0 0.387234 0 0 0 0 0 0 0 0 0 0.0819082 0 0.34375 0 0 0 0 0 0 0 0 0 0 0 0 0 0 0 0 0 0 0 0 0 0 0 0 0 0 0 0 0.0311402 0 0.0957696 0 0 0.00285285 0.0202703 0.0159436 1
0 0 0 0 0 0 0 0 0 0 0 0.114467 0 0 0 0 0 0 0.130513 0 0.2725 0 0 0 0.0942783 0.0936281 0.058 0.165899 0.0504202 0.165899 0.165899 0.165899 0 0.165899 0.165899 0.165899 0.104499 0 0.0648065 0.165899 0 0 0.201681 0 0.036 0 0 0 0 0.0859284 0 0 0 0 0.00134685 0.00825826 0.0135336 0
0 1 0 0 0 0 0 0 0 0 0 0 0 0 0 0 0 0 0 0 0 0 0 0 0 0 0 0 0 0 0 0 0 0 0 0 0 0 0 0 0 0 0 0 0 0 0 0 0 0 0 0 0 0 0.0012012 0.003003 0.00148313 0
0 0 0 0 0 0 0 0 0 0 0 0 0 0 0 0 0 0 0 0 0 0 0 0 0 0 0 0 0 0 0 0 0 0 0 0 0 0 0 0 0 0 0 0 0 0 0 0 0 0 0 0 0 0 0 0 0.000370782 0
0 0 0 0 0 0 0 0 0 0 0 0 0 0 0 0 0 0 0 0 0 0 0 0 0 0 0.8 0 0 0 0 0 0 0 0 0 0 0 0 0 0 0 0 0 0 0 0 0 0 0 0 0 0 0 0 0 0.000741565 0
0 0 0.218487 0 0.117 0 0 0 0 0 0 0.0620032 0 0 0 0.106122 0 0 0.140414 0 0.245 0 0 0.176871 0 0 0 0 0 0 0 0 0 0 0 0 0 0 0 0 0 0 0 0 0 0 0 0 0 0 0 0 0.0284418 0 0.00467117 0.0142643 0.0409714 1
0 0 0.0896359 0 0.064 0.397516 0.088033 0.102564 0 0 0 0.0508744 0.0576577 0 0 0.0435374 0.0625 0.0632411 0.20432 0 0.405 0 0 0.0725624 0 0 0 0 0 0 0 0 0 0 0 0 0 0 0 0 0 0 0 0 0.032 0 0 0 0 0.0365254 0 0 0.0472012 0 0.00103303 0.0135135 0.028921 1
0 0.012605 0 0 0 0 0 0 0 0 0 0.0286169 0 0 0 0 0 0 0 0 0 0 0 0 0.0117035 0 0 0 0 0 0 0 0.383037 0 0 0.0852535 0.0261248 0 0 0 0 0 0 0 0 0 0.0829493 0.168224 0 0.0437837 0 0 0 0 0.00171321 0.00600601 0.0391175 0
0 0 0.173669 0 0 0 0 0 0 0 0 0.0492846 0 0 0 0 0 0 0.306931 0 0 0 0 0 0.020156 0 0 0 0 0 0 0 0 0 0 0.0714286 0 0 0 0 0.0868347 0 0 0 0.062 0 0 0 0 0.0262234 0 0.0405041 0 0 0.0013003 0.00225225 0.00500556 0
0 0 0 0 0.013 0.161491 0 0 0 0.0317848 0 0.18601 0.0234234 0.0234234 0 0 0.101562 0 0 0 0 0 0 0 0.236671 0.0845254 0 0 0.00910364 0.119816 0 0 0 0 0 0.0898617 0.0188679 0 0 0 0 0 0 0 0 0 0 0 0.0339879 0.0236479 0 0 0 0 0.00137387 0.0135135 0.071561 0
0 0 0 0 0 0 0 0 0 0 0 0.195548 0 0 0 0 0 0 0.166517 0 0.07625 0 0 0.138322 0 0 0 0 0 0 0 0 0 0 0 0 0.0885341 0 0 0 0 0.0861345 0 0 0.0615 0.259104 0 0 0 0.0229454 0 0.0176418 0 0 0.000941441 0.0105105 0.012792 0
0 0 0 0 0 0 0 0 0 0 0 0 0 0 0 0 0 0 0.172817 0 0.24 0 0 0 0 0 0 0 0 0 0 0 0 0 0 0 0.278665 0 0 0 0 0 0 0 0 0.806723 0 0 0 0.0786701 0 0 0 0 0.00203003 0.0105105 0.00723026 0
0 0.00560224 0.022409 0 0 0.0496894 0 0.0512821 0 0 0 0.128776 0.0288288 0 0 0 0.015625 0 0 0 0 0 0.0340426 0 0.226918 0.0624187 0 0 0.022409 0.0552995 0 0 0 0 0 0.0737327 0.011611 0 0 0 0 0.00560224 0 0 0 0 0 0.0747663 0.00553877 0.0259892 0 0 0.0166415 0 0.00171922 0.015015 0.128291 0
0.025 0.0140056 0.282913 0 0.08 0.496894 0.0687758 0 0.340426 0.0244499 0.15 0.111288 0.0540541 0 0.69697 0.0136054 0 0.219368 0.117912 0.032 0.0875 0 0.255319 0.0226757 0 0 0 0 0 0 0 0 0 0 0 0 0 0 0 0 0 0 0.0560224 0 0.005 0.0140056 0 0 0 0.0257551 0 0.0878488 0.0475038 0.00923077 0.0113363 0.501502 0.250278 1
0 0 0.218487 0 0 0 0 0 0 0 0 0 0.140541 0 0 0 0 0 0 0 0.0975 0 0 0 0 0 0.0312 0 0 0 0 0 0 0 0 0 0 0 0 0 0 0 0 0 0.039 0 0 0 0 0.093889 0 0.0239424 0 0 0.000848348 0.00225225 0.00648869 0
0 0 0 0 0 0 0 0 0 0 0 0.537361 0 0 0 0 0.330078 0 0 0 0 0 0 0 0 0 0 0 0 0 0 0 0 0 0 0 0 0 0 0 0 0 0 0 0 0 0 0 0 0.047764 0 0.0734473 0 0 0.00778829 0.0345345 0.0181683 0
0 0 0 0 0 0 0 0 0 0 0 0 0 0 0 0 0 0 0 0 0 0 0 0 0 0 0.0848 0 0 0 0 0 0 0 0 0 0 0 0 0 0 0 0 0 0 0 0 0 0 0.172091 0 0 0 0 0.003003 0.0045045 0.00871339 0
0.215 0 0.240896 0 0 0 0 0 0 0 0 0 0 0 0 0.117007 0.671875 0 0.387939 0 0.1075 0 0.365957 0 0 0 0 0 0 0 0 0 0 0 0 0 0 0 0 0 0 0 0 0 0 0 0 0 0 0 0 0.167057 0.0465961 0.0947692 0.00211562 0.0045045 0.00964034 1
0 0 0 0 0 0 0 0 0 0 0 0 0 0 0 0 0 0 0 0 0 0 0 0 0.394018 0.394018 0.1212 0.698157 0.212185 0.698157 0.698157 0.698157 0 0.698157 0.698157 0.698157 0 0 0 0.698157 0 0 0 0 0 0 0 0 0 0.210723 0 0 0 0 0.00262763 0.00750751 0.00593252 0
0 0 0.114846 0 0.041 0 0 0 0 0 0 0 0 0 0 0 0 0 0 0 0 0 0 0 0 0 0 0 0 0 0 0 0.0560876 0 0 0 0.0595065 0 0 0 0 0 0 0.0246098 0 0.057423 0 0 0 0 0 0 0 0 0.000783784 0.00750751 0.0122358 0
0 0 0 0 0 0 0 0 0 0 0 0 0 0 0 0 0 0 0.0909091 0 0 0 0 0 0 0 0 0 0 0 0 0 0 0 0 0 0.146589 0 0 0 0 0 0 0 0 0.707283 0 0 0 0 0 0 0 0 0.00306757 0.0105105 0.012792 0
0 0.0560224 0 0 0 0 0 0 0 0.391198 0 0 0 0 0 0.326531 0 0 0.50405 0 0.2 0 0 0 0 0 0 0 0 0 0 0 0 0 0 0 0 0 0 0 0 0 0 0 0 0 0 0 0 0 0 0.0423042 0 0 0.000570571 0.00225225 0.00519095 0
0 0 0 0 0.19 0 0.130674 0 0 0.232274 0 0.151033 0 0 0 0 0 0 0.513951 0.608 0.35625 0 0 0 0 0 0 0 0 0 0 0 0 0 0 0 0 0 0 0 0 0 0 0 0 0 0 0 0 0 0 0.0264626 0 0 0.000600601 0.00375375 0.00370782 1
0 0.0441176 0 0 0.159 0.192547 0 0 0.131915 0 0 0.100159 0 0 0.549784 0.0857143 0.0605469 0.628459 0.19982 0 0.23875 0 0.131915 0.142857 0 0 0 0.0714286 0 0 0 0 0 0 0 0 0 0 0 0.366359 0 0 0 0 0 0 0 0 0 0.0650901 0 0.00990099 0.151588 0 0.00376727 0.0675676 0.0342974 1
0 0 0 0 0 0 0 0 0 0 0 0 0 0 0 0.887075 0 0 0.19532 0 0.27125 0 0 0 0 0 0 0 0 0 0 0 0 0 0 0 0 0 0 0 0 0 0 0 0 0 0 0 0 0 0 0.206841 0 0 0.0121622 0.024024 0.0166852 1
0.0425 0.0182073 0.338936 0 0.043 0.372671 0.0591472 0.0833333 0.293617 0.127139 0.13 0.206677 0.0306306 0 0.25974 0.106122 0.0332031 0.274704 0.218722 0.0272 0.14125 0 0.404255 0.0385488 0 0 0 0 0 0 0 0 0 0 0 0 0 0 0 0.0184332 0 0 0 0 0.004 0 0 0 0 0.0252868 0 0.0487849 0.073525 0.008 0.0081006 0.436937 0.254727 1
0 0 0 0 0 0 0 1 0 0 0 0 0 0 0 0 0 0 0 0 0 0 0 0 0 0 0 0 0 0 0 0 0 0 0 0 0 0 0 0 0 0 0 0 0.052 0 0 0 0 0.0463592 0 0.0356436 0.0599092 0 0.00428979 0.018018 0.0148313 1
0 0 0 0 0 0 0 0 0 0 0 0 0 0 0 0 0 0 0 0 0 0 0 0 1 1 0 0 0 0 0 0 0 0 0 0 0 0 0 0 0 0 0 0 0 0 0 0 0 0 0 0 0 0 0.00870871 0.012012 0.00611791 0
0 0 0 0 0 0 0 0 0 0 0 0.114467 0 0 0 0 0 0 0 0 0 0 0 0 0 0 0 0.110599 0 0 0 0 0 0 0 0.0552995 0 0 0.0432043 0 0 0 0 0 0 0 0 0 0 0.0435495 0 0 0 0 0.00273724 0.0277778 0.0443085 1
0.0675 0 0.0756303 0 0 0 0 0 0 0 0 0.257552 0.0486486 0 0 0 0.0527344 0 0.438344 0 0.10125 0.0202399 0.114894 0 0 0 0 0 0 0 0 0 0 0 0 0 0 0 0.0243024 0 0 0 0 0 0 0 0 0 0 0 0 0.157336 0.0154312 0.0313846 0.00687988 0.045045 0.0691509 1
0 0 0 0 0.068 0 0.280605 0 0 0 0 0 0 0 0 0 0 0.403162 0.122412 0.1088 0.255 0 0 0 0 0 0 0 0 0 0 0 0 0 0 0 0 0 0 0 0 0 0 0 0 0 0 0 0 0 0 0.0556256 0 0 0.00166817 0.00975976 0.0174268 1
0.02 0.00560224 0.212885 0 0.085 0.63354 0.0343879 0.0544872 0.251064 0.0195599 0.085 0.0937997 0.0306306 0 0.95671 0.0340136 0.015625 0.183794 0.144914 0.0272 0.0525 0 0.361702 0.0181406 0 0 0 0 0 0 0 0 0 0 0 0 0 0 0 0.0184332 0 0 0.047619 0.00480192 0.004 0.0112045 0 0 0 0.0147506 0 0.0709271 0.0344932 0.00738462 0.00973574 0.501502 0.26066 1
0.075 0 0.170868 0 0 0 0 0 0 0.224939 0.15 0.146264 0.0540541 0.0540541 0 0.292517 0.119141 0 0.49775 0 0.15375 0 0 0.0680272 0 0 0 0 0 0 0 0 0 0.0691244 0 0 0 0 0 0 0 0 0 0 0.015 0 0 0 0 0.0234137 0 0.189559 0.106203 0.153846 0.00433033 0.0487988 0.0559881 1
0 0 0.0784314 0 0 0 0 0 0 0 0 0 0 0 0 0 0 0 0.126013 0 0.07 0 0 0 0.219116 0.182055 0.0112 0.0645161 0.0196078 0.0645161 0.0645161 0.0645161 0 0.0645161 0.0645161 0.0645161 0.0812772 0 0 0.0645161 0 0.0196078 0.156863 0 0.014 0 0 0 0 0.0327792 0.0569155 0 0 0 0.0021982 0.0105105 0.0381906 0
