0.256472 0.26953 0.260383 0.137561 0.476393 0.344212 0.181373 0.139115 0.379293 0.443555 0.0236104 0.24306 0.0681807 0.0161151 0.281708 0.230555 0.122753 0.221065 0.196826 0.176542 0.176094 0.290245 0.195229 0.0812525 0.487552 0.22859 0.191933 0.253265 0.195348 0.252853 1
0.625633 0.578965 0.621312 0.462566 0.419067 0.452488 0.384489 0.628728 0.411616 0.21567 0.313091 0.338534 0.300193 0.180796 0.228643 0.334124 0.149091 0.480394 0.411127 0.117153 0.578442 0.580757 0.545794 0.365169 0.373968 0.304945 0.295767 0.739519 0.33629 0.139578 0
0.333144 0.201217 0.316495 0.196394 0.244019 0.111742 0.0488988 0.131809 0.267172 0.124263 0.0371899 0.06513 0.0400038 0.02325 0.106197 0.0524679 0.0232652 0.203826 0.0538639 0.0417689 0.24831 0.194296 0.229693 0.123796 0.212838 0.072193 0.05 0.282337 0.112557 0.0791028 1
0.384259 0.4163 0.369498 0.241485 0.342421 0.157751 0.123079 0.165706 0.280808 0.144903 0.0720623 0.10469 0.063139 0.0431604 0.10069 0.060444 0.0404798 0.174692 0.0431699 0.0253584 0.361793 0.524254 0.335126 0.207629 0.447269 0.173094 0.216613 0.525773 0.218805 0.155385 0
0.214823 0.17653 0.207864 0.111474 0.439379 0.18005 0.101406 0.145577 0.415657 0.246841 0.0523991 0.149797 0.0437733 0.0220733 0.168236 0.0753147 0.0531566 0.190566 0.125063 0.0652617 0.167912 0.244403 0.151751 0.0753539 0.447269 0.12701 0.144089 0.330172 0.216637 0.151187 1
0.15519 0.16909 0.154861 0.0755461 0.41699 0.221489 0.0839035 0.101243 0.289394 0.423126 0.0820206 0.474894 0.0771333 0.0233994 0.531903 0.333899 0.0659343 0.245501 0.406202 0.202557 0.104945 0.198827 0.101997 0.0422483 0.428119 0.132249 0.0572045 0.14 0.171299 0.195723 1
0.573572 0.560703 0.589524 0.4193 0.621739 0.489909 0.453843 0.730119 0.289899 0.46925 0.147565 0.563517 0.237667 0.112623 0.198253 0.437468 0.0538889 0.349119 0.319103 0.328036 0.441124 0.551706 0.452662 0.273496 0.44925 0.24683 0.194249 0.632646 0.147053 0.242621 0
0.276823 0.203585 0.270196 0.154146 0.340977 0.194191 0.136715 0.152982 0.325758 0.193134 0.0139055 0.0281338 0.020638 0.00903627 0.107421 0.117974 0.0837879 0.158363 0.114369 0.0481603 0.219139 0.195362 0.213208 0.103372 0.405666 0.226747 0.277636 0.336186 0.284053 0.150728 1
0.202991 0.195807 0.204478 0.105408 0.28004 0.282253 0.235942 0.137028 0.378788 0.475148 0.0793047 0.156206 0.0853791 0.0301981 0.294626 0.483958 0.239192 0.387763 0.060618 0.39506 0.146211 0.184168 0.146023 0.0650806 0.257743 0.246054 0.241294 0.284261 0.116696 0.323101 1
0.312793 0.274941 0.293345 0.181888 0.242394 0.0648427 0.0467901 0.0615308 0.259091 0.110362 0.0530509 0.178085 0.0436319 0.0287973 0.0689397 0.0226966 0.0268939 0.0955484 0.0782068 0.00798065 0.269299 0.375267 0.241546 0.136133 0.223404 0.0474721 0.0846645 0.178179 0.151784 0.0497835 1
0.228548 0.259723 0.217538 0.12106 0.433962 0.111159 0.0551312 0.0771869 0.332323 0.165122 0.0269419 0.346048 0.0119681 0.0143221 0.207975 0.0489981 0.0392929 0.118204 0.330782 0.0377613 0.165066 0.385394 0.145226 0.0747886 0.425477 0.0705436 0.0703115 0.147973 0.322294 0.0703135 1
0.294335 0.261075 0.278764 0.168865 0.176221 0.0793203 0.101593 0.0549205 0.215657 0.134583 0.0186493 0.274222 0.00546577 0.0126224 0.154604 0.100925 0.0777525 0.10197 0.165166 0.0468129 0.213803 0.421109 0.188605 0.102438 0.257082 0.11983 0.183546 0.17079 0.236941 0.111111 1
0.287236 0.324653 0.268261 0.162757 0.252505 0.0567757 0.00162137 0.0207107 0.383333 0.106361 0.105921 0.188693 0.0866042 0.0488571 0.196417 0.0476237 0.00174747 0.0789354 0.197248 0.0723786 0.22412 0.272655 0.198366 0.10787 0.204253 0.0335885 0.00147364 0.0381787 0.172285 0.0514889 1
0.253632 0.0865742 0.2429 0.137858 0.337637 0.13401 0.0693065 0.131561 0.317677 0.171019 0.00184682 0.0299461 0.000678507 0.00402131 0.0669001 0.0519497 0.0220505 0.108733 0.0479541 0.0162722 0.202063 0.19323 0.183326 0.0933199 0.383213 0.174744 0.143051 0.367698 0.304554 0.136954 1
0.320365 0.475482 0.309239 0.189396 0.250971 0.149347 0.110052 0.116501 0.360101 0.0911963 0.117038 0.153996 0.0976299 0.0618755 0.089676 0.18339 0.0851263 0.190756 0.254657 0.0757298 0.251868 0.381663 0.237014 0.127998 0.14865 0.113427 0.108546 0.209828 0.21644 0.0535879 1
0.379052 0.419344 0.371363 0.233383 0.293581 0.254954 0.160708 0.192644 0.446465 0.193134 0.0749955 0.215656 0.0731753 0.0405455 0.0930075 0.19398 0.0836364 0.226558 0.157286 0.107791 0.314123 0.520522 0.297774 0.167592 0.241234 0.298057 0.248722 0.449485 0.315001 0.245769 1
0.364381 0.352384 0.352083 0.22948 0.415636 0.161401 0.173266 0.261382 0.265657 0.19503 0.130798 0.19444 0.114875 0.0720922 0.136146 0.0703578 0.0504545 0.210078 0.0874937 0.0411125 0.3963 0.502665 0.363514 0.234172 0.496797 0.155048 0.232748 0.552921 0.288587 0.177883 0
0.167022 0.354413 0.171723 0.0808908 0.537781 0.340225 0.151734 0.152485 0.435354 0.586773 0.0804273 0.331462 0.0605004 0.0244827 0.345616 0.264503 0.115934 0.29248 0.210897 0.203731 0.114906 0.285981 0.110613 0.0465002 0.388496 0.172318 0.103435 0.210859 0.161246 0.231011 1
0.306167 0.290497 0.295833 0.174592 0.447504 0.191001 0.0931115 0.138171 0.291919 0.150379 0.0664494 0.223833 0.0632333 0.0344006 0.141789 0.0950671 0.0472727 0.17742 0.15419 0.0318535 0.255069 0.371002 0.234972 0.126376 0.414251 0.143406 0.110304 0.271856 0.219397 0.0720845 1
0.381892 0.316537 0.369498 0.236861 0.356775 0.204251 0.175398 0.215457 0.25303 0.193555 0.0994025 0.185157 0.0882533 0.0591859 0.110106 0.105507 0.0749242 0.1785 0.0511904 0.0284332 0.343294 0.427505 0.315703 0.192145 0.352836 0.177363 0.228914 0.38488 0.141336 0.0951069 0
0.116191 0.291173 0.110773 0.0573065 0.435768 0.123244 0.0634958 0.0698807 0.225253 0.413437 0.143545 0.195987 0.118268 0.044225 0.174151 0.0505453 0.0592929 0.124361 0.162352 0.0628088 0.1455 0.346482 0.126401 0.0625246 0.410289 0.0752976 0.0913738 0.173608 0.175241 0.172635 1
0.459511 0.354751 0.437496 0.302906 0.201679 0.158702 0.0854967 0.114662 0.39697 0.0692924 0.0491762 0.0459026 0.0479668 0.0301607 0.0324302 0.0916874 0.0359343 0.100341 0.165025 0.0278114 0.400213 0.387527 0.382937 0.220901 0.196328 0.256823 0.197843 0.300241 0.613444 0.138987 0
0.46661 0.329726 0.446479 0.312492 0.196985 0.162107 0.120665 0.137724 0.39596 0.0572873 0.133044 0.375663 0.128257 0.0743522 0.0588095 0.182939 0.0771717 0.210267 0.102972 0.0215581 0.366062 0.427772 0.348075 0.20812 0.109423 0.139428 0.150319 0.289897 0.189631 0.0306966 1
0.419755 0.481569 0.414 0.271135 0.28329 0.247899 0.232849 0.2666 0.397475 0.0720304 0.105667 0.158637 0.101117 0.0556184 0.273855 0.217863 0.127551 0.377344 0.30855 0.0727932 0.316969 0.416844 0.306738 0.169903 0.276894 0.160191 0.185463 0.384536 0.24522 0.0513578 0
0.835297 0.402097 0.841061 0.720042 0.454726 0.586528 0.541237 0.731113 0.470202 0.367102 0.318667 0.119386 0.296518 0.248596 0.111364 0.224322 0.0901768 0.302519 0.153487 0.133529 0.782284 0.397388 0.773395 0.603814 0.416232 0.379845 0.372045 0.850515 0.313818 0.273318 0
0.536182 0.299966 0.516965 0.3807 0.300172 0.200294 0.191401 0.288966 0.283333 0.0903538 0.0529422 0.025526 0.0499458 0.0413113 0.039195 0.0520398 0.0356566 0.127278 0.0395115 0.00663327 0.475987 0.382196 0.442203 0.301022 0.344912 0.210738 0.282588 0.539863 0.323477 0.0940575 0
0.167022 0.452486 0.159353 0.0808908 0.441184 0.14904 0.0584583 0.0931909 0.320707 0.328559 0.06348 0.173002 0.0721858 0.0256968 0.287487 0.0914621 0.046995 0.236787 0.376513 0.037174 0.106724 0.32516 0.0980626 0.0436247 0.284818 0.0570966 0.0332109 0.107388 0.130495 0.0834973 1
0.284869 0.409537 0.302052 0.159618 0.674099 0.533157 0.435567 0.464861 0.651515 0.504002 0.0705414 0.141841 0.0776987 0.0327196 0.136588 0.246102 0.0897222 0.232241 0.190634 0.0986008 0.268943 0.498667 0.277852 0.136183 0.654626 0.497531 0.430511 0.707904 0.554504 0.342123 0
0.416442 0.276632 0.413309 0.270414 0.401462 0.33685 0.233224 0.32833 0.39495 0.228728 0.142785 0.138061 0.132262 0.0884538 0.137947 0.288085 0.0704798 0.242849 0.171638 0.112247 0.444326 0.406716 0.428756 0.273742 0.451892 0.517711 0.316693 0.621993 0.438991 0.326381 0
0.130484 0.0764288 0.120586 0.0615058 0.359935 0.0663763 0 0 0.425758 0.300337 0.0316133 0.0300124 0.0217217 0.0101943 0.147092 0.0255655 0 0 0.20949 0.0803248 0.0956955 0.0554371 0.0802829 0.0387584 0.344912 0.0434167 0 0 0.303568 0.173619 1
0.24748 0.148123 0.241794 0.135101 0.256838 0.18051 0.160239 0.125944 0.29596 0.243892 0.0561651 0.104027 0.063139 0.0245761 0.0915117 0.210352 0.109697 0.20591 0.159397 0.128761 0.184988 0.193763 0.185467 0.0847179 0.207555 0.20938 0.245687 0.314089 0.2192 0.217762 1
0.237541 0.200879 0.229148 0.127169 0.402636 0.160328 0.0972587 0.0925944 0.514647 0.204718 0.0418613 0.197755 0.0322292 0.0174786 0.144678 0.119176 0.0506818 0.133112 0.166573 0.0591467 0.204198 0.343284 0.186115 0.0940572 0.439345 0.167855 0.18107 0.262268 0.357579 0.15873 1
0.628473 0.450457 0.612328 0.475292 0.344407 0.343292 0.343252 0.431561 0.522727 0.137532 0.233967 0.25389 0.17891 0.151416 0.146276 0.2446 0.106869 0.240386 0.262959 0.121472 0.579509 0.521588 0.526371 0.384585 0.315856 0.316879 0.327316 0.54055 0.418687 0.187853 0
0.414075 0.0530943 0.407781 0.256076 0.466462 0.338998 0.279053 0.308698 0.365657 0.266007 0.0186493 0.00594502 0.0181878 0.0132014 0.146888 0.119776 0.0842424 0.202122 0.0544267 0.0470202 0.323017 0.0581023 0.309229 0.164447 0.547646 0.262547 0.319808 0.498969 0.195545 0.175587 1
0.392778 0.429489 0.380969 0.240551 0.342512 0.263235 0.125937 0.162177 0.336869 0.278222 0.0340033 0.029924 0.0276587 0.023773 0.0536085 0.0878571 0.044798 0.113828 0.0540046 0.0580411 0.351121 0.426706 0.315703 0.193644 0.389157 0.293594 0.289936 0.421306 0.317366 0.279942 0
0.58777 0.286439 0.576394 0.424814 0.461045 0.38286 0.380975 0.470378 0.420707 0.188711 0.130147 0.140316 0.101117 0.0865861 0.13397 0.148241 0.0772475 0.283955 0.117465 0.0369667 0.564212 0.44323 0.507944 0.354601 0.532457 0.337253 0.344728 0.773883 0.399172 0.149744 0
0.253632 0.57998 0.258172 0.141633 0.458337 0.355561 0.254217 0.22674 0.44596 0.408804 0.106391 0.320191 0.0888187 0.0516214 0.251045 0.271863 0.0950253 0.250237 0.153346 0.165037 0.274635 0.728145 0.255441 0.143458 0.708776 0.430102 0.353435 0.501375 0.325251 0.429359 0
0.312793 0.410213 0.299703 0.177094 0.243116 0.193884 0.0954077 0.106461 0.290404 0.181761 0.0820206 0.343838 0.0864157 0.0372769 0.126559 0.163788 0.0782576 0.187895 0.174734 0.0730351 0.244397 0.480277 0.235321 0.117062 0.193687 0.141369 0.116054 0.21268 0.173664 0.0996983 1
0.259312 0.484613 0.277659 0.140997 0.595558 0.67548 0.532568 0.424602 0.489899 0.683867 0.0673909 0.27378 0.0604062 0.0320098 0.184791 0.525115 0.19553 0.271263 0.140823 0.317326 0.254714 0.763859 0.235271 0.129326 0.753682 1 0.882588 0.75945 0.552139 1 0
0.223816 0.252959 0.213461 0.117413 0.40724 0.128918 0.0892455 0.160984 0.230303 0.231466 0.0483795 0.089573 0.0464119 0.0206538 0.176497 0.0484574 0.0499495 0.224474 0.15602 0.0268095 0.180719 0.249733 0.169381 0.0826534 0.403685 0.0744244 0.121486 0.377663 0.198502 0.104486 1
0.521037 0.370308 0.511437 0.359788 0.460143 0.340531 0.281396 0.438569 0.470707 0.22599 0.123918 0.113397 0.108561 0.080329 0.187579 0.191276 0.0633586 0.280356 0.0880565 0.0843324 0.467805 0.356876 0.436725 0.28603 0.508684 0.335895 0.263658 0.678351 0.294697 0.196707 0
0.326518 0.218126 0.308064 0.192195 0.159159 0.0887369 0.0479147 0.0422813 0.276263 0.100674 0.0516386 0.0578147 0.044857 0.0304783 0.0684978 0.0893592 0.050202 0.132904 0.120842 0.0371394 0.269655 0.211887 0.245281 0.137657 0.0902727 0.0931494 0.0871406 0.155911 0.192588 0.0733963 1
0.509679 0.619547 0.507981 0.355504 0.427372 0.343599 0.397844 0.412177 0.329798 0.193766 0.100742 0.158416 0.0997031 0.0693839 0.102016 0.134422 0.0933586 0.210267 0.0631508 0.0573847 0.483814 0.706823 0.473081 0.307658 0.455194 0.338514 0.511102 0.676976 0.277351 0.234225 0
0.247953 0.349341 0.246562 0.131326 0.514309 0.293908 0.191542 0.107654 0.537374 0.399747 0.0252037 0.0962915 0.010776 0.010792 0.154978 0.148166 0.100152 0.187422 0.0748297 0.100812 0.186055 0.323827 0.172917 0.0811296 0.455854 0.198126 0.282348 0.277938 0.225508 0.218746 1
0.132803 0.345959 0.126598 0.0640509 0.449309 0.103153 0.0160005 0.0394483 0.146465 0.398905 0.0809343 0.371906 0.0647882 0.0247442 0.320121 0.0929642 0.013404 0.0994507 0.142511 0.164864 0.106368 0.38033 0.091638 0.0444603 0.399062 0.0654306 0.0163658 0.0818213 0.072738 0.228519 1
0.433007 0.370984 0.444406 0.277964 0.581114 0.560763 0.403468 0.510934 0.557576 0.497051 0.165743 0.157532 0.145927 0.0884912 0.18061 0.170923 0.080505 0.24569 0.126752 0.112178 0.463536 0.518657 0.430251 0.277674 0.711418 0.384211 0.382109 0.712371 0.422038 0.388036 0
0.263098 0.223537 0.258863 0.141166 0.570281 0.273357 0.138894 0.162972 0.44596 0.340354 0.0529422 0.162394 0.038119 0.0218305 0.271578 0.100775 0.0650253 0.219928 0.283222 0.054759 0.20064 0.25 0.180587 0.0901494 0.5734 0.143406 0.150879 0.289038 0.313424 0.133412 1
0.593923 0.310788 0.592288 0.455355 0.563059 0.444206 0.514761 0.527833 0.369697 0.327717 0.361941 0.17698 0.305329 0.235709 0.147636 0.223646 0.142374 0.328282 0.15419 0.134462 0.640342 0.378998 0.601076 0.459054 0.517269 0.372859 0.488898 0.680412 0.276562 0.29024 0
0.249373 0.278323 0.23827 0.13438 0.30613 0.145421 0.0910262 0.115855 0.459596 0.259478 0.0392902 0.137487 0.0342553 0.0181323 0.129347 0.1004 0.0503535 0.150104 0.14223 0.0548972 0.201352 0.351812 0.180238 0.0931479 0.333686 0.146996 0.155192 0.282165 0.305145 0.172373 1
0.34403 0.406155 0.344413 0.207635 0.411664 0.277345 0.309044 0.278231 0.416667 0.237784 0.0631903 0.145598 0.0895255 0.0338216 0.141585 0.208024 0.121591 0.219928 0.174453 0.108032 0.283173 0.488806 0.327656 0.151003 0.484911 0.384696 0.414217 0.497251 0.399369 0.30408 0
0.0955559 0.158607 0.0868634 0.0436055 0.157263 0.0361328 0.00862465 0.0172565 0.367677 0.3869 0.0228499 0.208805 0.0182349 0.00557903 0.19295 0.01976 0.00929545 0.06577 0.269151 0.0434617 0.0629314 0.214552 0.0522436 0.024651 0.181206 0.0242842 0.0117572 0.047732 0.281096 0.150859 1
0.344503 0.336152 0.373437 0.20632 0.232373 0.625483 0.703608 0.387575 0.325253 0.584035 0.0910013 0.249691 0.124488 0.0419277 0.121868 0.542314 0.362374 0.434173 0.250155 0.417516 0.262184 0.3121 0.281837 0.128736 0.12098 0.38033 0.541773 0.517182 0.164203 0.348682 1
0.173648 0.524518 0.167369 0.0863203 0.396678 0.162444 0.0557404 0.0802684 0.422727 0.28075 0.0500453 0.250354 0.0348678 0.0183751 0.186151 0.0608195 0.027298 0.118299 0.192745 0.0595612 0.153682 0.617537 0.137308 0.0664815 0.51991 0.109158 0.0898562 0.210859 0.363493 0.173357 1
0.351602 0.338857 0.360998 0.21527 0.315428 0.454635 0.319119 0.328131 0.330303 0.462511 0.278689 0.311572 0.169769 0.131319 0.205629 0.782197 0.251515 0.52491 0.462768 0.758853 0.278904 0.269456 0.255441 0.143064 0.189262 0.213358 0.177316 0.350859 0.139365 0.216122 1
0.62232 0.626987 0.604036 0.474019 0.407782 0.257714 0.337395 0.48663 0.349495 0.1131 0.236828 0.464728 0.20949 0.172279 0.137879 0.165064 0.0997475 0.317863 0.15616 0.0553809 0.560655 0.699094 0.520892 0.379915 0.300007 0.159997 0.256789 0.55945 0.198502 0.0743146 0
0.357281 0.325668 0.348697 0.218961 0.282116 0.179805 0.206584 0.145378 0.208586 0.157961 0.0514213 0.219634 0.0582858 0.0303288 0.0827413 0.1369 0.0853283 0.167608 0.0852423 0.0494731 0.297759 0.436301 0.287315 0.158597 0.249158 0.23053 0.301837 0.329691 0.178593 0.128493 1
0.0764826 0.300643 0.0711768 0.0329586 0.494448 0.119901 0 0 0.557071 0.497683 0.0815861 0.534123 0.0690289 0.0205604 0.647143 0.088458 0 0 0.753898 0.204699 0.0363572 0.277719 0.0310773 0.0134929 0.419534 0.0488789 0 0 0.310861 0.171324 1
0.292442 0.36625 0.278281 0.167635 0.187054 0.102356 0.0421743 0.0624254 0.329798 0.187869 0.0768423 0.245934 0.0739292 0.0359882 0.206989 0.137201 0.0338636 0.105399 0.182614 0.0623942 0.233725 0.438166 0.223517 0.113817 0.268309 0.133219 0.0614856 0.144158 0.221171 0.126263 1
0.278243 0.122083 0.269712 0.153256 0.548614 0.211521 0.0890347 0.168986 0.243939 0.31171 0.0397248 0.150681 0.0403807 0.0182444 0.142673 0.134497 0.0480303 0.191514 0.0582259 0.0764208 0.21736 0.241471 0.211116 0.101824 0.551608 0.189976 0.143051 0.396907 0.161049 0.199987 1
0.486961 0.531282 0.474121 0.333107 0.27697 0.280719 0.282099 0.285089 0.205556 0.0865628 0.144306 0.29146 0.119022 0.0963358 0.217425 0.306636 0.124798 0.329987 0.113384 0.0982553 0.442903 0.624733 0.410329 0.270055 0.478307 0.373442 0.402236 0.597594 0.184309 0.160042 0
0.487908 0.42002 0.487941 0.341166 0.337275 0.331023 0.227202 0.373111 0.529293 0.0985678 0.261923 0.281294 0.253923 0.15715 0.170106 0.432286 0.117121 0.407085 0.275623 0.170772 0.443259 0.40565 0.435729 0.272759 0.278875 0.251681 0.183546 0.525086 0.296077 0.12987 0
0.248426 0.333108 0.240135 0.134677 0.390268 0.188608 0.0981022 0.204125 0.464141 0.214195 0.0875973 0.213446 0.0730811 0.0381735 0.197199 0.116697 0.0353788 0.21595 0.10058 0.0844015 0.23159 0.435501 0.207879 0.111384 0.473684 0.171639 0.109984 0.371134 0.217426 0.175128 1
0.455251 0.621238 0.445788 0.303118 0.288165 0.25434 0.216753 0.263519 0.267677 0.137321 0.124896 0.157974 0.125713 0.0779756 0.142435 0.263301 0.119444 0.294942 0.0745483 0.103541 0.393099 0.589019 0.379949 0.230731 0.282177 0.273705 0.271805 0.487285 0.128721 0.151909 0
0.24606 0.147785 0.231221 0.134846 0.223075 0.0390774 0.0263121 0.0251044 0.309596 0.137532 0.0361398 0.0529084 0.0320878 0.0168435 0.123398 0.0263992 0.0283586 0.095681 0.167276 0.00190016 0.175027 0.118603 0.155336 0.0805889 0.191045 0.0252544 0.0328754 0.0636426 0.143505 0.03496 1
0.196838 0.147447 0.18969 0.102269 0.181547 0.126557 0.105553 0.0731113 0.318182 0.228939 0.112511 0.0992309 0.121236 0.0411619 0.130129 0.237465 0.113763 0.278651 0.325576 0.135982 0.149057 0.101279 0.145475 0.0659408 0.115367 0.0953809 0.0959265 0.134777 0.19929 0.0993047 1
0.111316 0.413595 0.105176 0.0511135 0.359032 0.112478 0.093627 0.0637177 0.319192 0.332772 0.0687308 0.335661 0.0642699 0.0206538 0.313662 0.120828 0.100909 0.242849 0.418022 0.128796 0.0681252 0.347281 0.0620051 0.0271825 0.258403 0.0540307 0.0638419 0.08811 0.171496 0.123901 1
0.220029 0.662158 0.214774 0.115207 0.369595 0.203546 0.16776 0.100249 0.373232 0.24642 0.0731486 0.456551 0.0656363 0.0304969 0.276983 0.164689 0.107955 0.17456 0.23735 0.042598 0.184632 0.714019 0.177449 0.0842017 0.458496 0.170572 0.233466 0.23488 0.260004 0.112554 1
0.34403 0.420697 0.363693 0.213022 0.471879 0.556469 0.500234 0.43007 0.44899 0.483572 0.214412 0.200628 0.2175 0.100818 0.261549 0.513023 0.174217 0.350066 0.1283 0.180273 0.346496 0.466151 0.342099 0.190302 0.613023 0.57961 0.552875 0.613402 0.252119 0.381477 0
0.21861 0.499831 0.210352 0.116098 0.199603 0.115024 0.0462512 0.0652585 0.441919 0.185762 0.0505884 0.315108 0.0567309 0.0213075 0.149879 0.158605 0.040303 0.132563 0.338521 0.0454655 0.160441 0.522388 0.154291 0.0715936 0.160338 0.105568 0.0578195 0.165464 0.330968 0.0813984 1
0.660656 0.46838 0.657245 0.517709 0.433962 0.433164 0.635426 0.651093 0.578283 0.189975 0.323194 0.101795 0.264571 0.244861 0.121358 0.276594 0.240354 0.353097 0.226938 0.14189 0.62789 0.399254 0.57219 0.448486 0.329723 0.281272 0.558387 0.723368 0.307707 0.153811 0
0.207251 0.26581 0.198328 0.108717 0.324546 0.103521 0.0652062 0.104374 0.273232 0.193134 0.029006 0.264056 0.0283655 0.0128092 0.12503 0.0577928 0.0293687 0.111233 0.0777847 0.0263949 0.182142 0.647655 0.172618 0.0826042 0.489533 0.13089 0.144649 0.2989 0.277548 0.146989 1
0.957878 0.411228 0.955774 0.893531 0.512503 0.527636 0.67268 0.9334 0.373737 0.163016 0.262394 0.247702 0.238562 0.227677 0.0991943 0.173626 0.0785101 0.235082 0.110711 0.0639834 0.896122 0.555171 0.848598 0.744888 0.50208 0.364904 0.426518 0.923711 0.254485 0.169094 0
0.252686 0.0906324 0.242278 0.135992 0.45292 0.154684 0.0934161 0.183897 0.45404 0.20198 0.0450842 0.0674947 0.0430194 0.0198507 0.21525 0.0717097 0.0425 0.235082 0.159819 0.0467438 0.19815 0.0964819 0.182081 0.0894367 0.444628 0.0963511 0.0992013 0.322715 0.248768 0.0831038 1
0.103744 0.140345 0.106489 0.0497985 0.221901 0.208975 0.1403 0.10835 0.64697 0.41428 0.108021 0.420969 0.0872167 0.0312254 0.238807 0.278848 0.108889 0.29551 0.47895 0.170219 0.073995 0.192164 0.0756014 0.030697 0.179555 0.136324 0.111581 0.174811 0.338459 0.195855 1
0.302381 0.225905 0.292378 0.173913 0.167193 0.165235 0.189597 0.139165 0.182828 0.174179 0.0189752 0.172339 0.0219573 0.0146769 0.142979 0.228678 0.125177 0.196628 0.0590702 0.109898 0.225187 0.285981 0.207082 0.109836 0.206894 0.219082 0.264217 0.308522 0.0952099 0.139315 1
0.205358 0.58742 0.193283 0.106978 0.146249 0.0575118 0.0382615 0.0155318 0.408586 0.133109 0.00344016 0.117685 0.0142298 0.00336759 0.0659483 0.106783 0.0412374 0.0591968 0.105364 0.0399724 0.147634 0.579158 0.146471 0.0656459 0.137753 0.112456 0.0869808 0.0715808 0.253105 0.103831 1
0.351129 0.584376 0.334877 0.213192 0.15636 0.100761 0.0814433 0.086332 0.326768 0.0920388 0.0434546 0.121773 0.0457051 0.0256221 0.12384 0.109187 0.0497727 0.120667 0.0880565 0.0344446 0.265742 0.531983 0.248967 0.135028 0.201611 0.115173 0.117572 0.191168 0.153755 0.0629674 1
0.310426 0.157254 0.301776 0.179343 0.407692 0.189896 0.156139 0.237624 0.416667 0.162174 0.0573601 0.0946782 0.0613014 0.0313001 0.229425 0.0927389 0.0602778 0.2491 0.167699 0.0485403 0.255425 0.192964 0.24548 0.129276 0.480948 0.14554 0.190895 0.442612 0.278336 0.115112 1
0.341663 0.365911 0.335982 0.201442 0.331137 0.280412 0.118627 0.151988 0.225253 0.213353 0.0855694 0.145377 0.0938604 0.045215 0.0813815 0.23003 0.0712374 0.25573 0.115636 0.0638798 0.303095 0.406183 0.307236 0.158106 0.291422 0.306206 0.200639 0.460137 0.191011 0.154401 1
0.327465 0.322286 0.310552 0.194867 0.246276 0.10392 0.0701734 0.102883 0.262121 0.125948 0.0797031 0.125133 0.0612072 0.0403588 0.067682 0.0643495 0.0386364 0.118867 0.0385265 0.0456728 0.301672 0.383795 0.268888 0.158597 0.232649 0.110807 0.133626 0.280069 0.155924 0.137675 1
0.192106 0.240785 0.187478 0.0974337 0.497156 0.179928 0.0713683 0.12326 0.330303 0.283067 0.0308528 0.226927 0.0275644 0.012585 0.117109 0.0533467 0.0266667 0.14175 0.130832 0.0450164 0.159374 0.384328 0.147019 0.0703401 0.434062 0.117307 0.0852236 0.255361 0.282476 0.15591 1
0.291495 0.373013 0.291549 0.166872 0.308026 0.274584 0.254217 0.174453 0.253535 0.21567 0.0737643 0.094634 0.0732696 0.0384723 0.189754 0.221843 0.11654 0.237545 0.108741 0.0806702 0.244397 0.358209 0.251457 0.123845 0.422175 0.317849 0.359744 0.405842 0.196728 0.175128 1
0.711297 0.412242 0.714602 0.567762 0.484517 0.539906 0.573571 0.746024 0.385859 0.240944 0.324642 0.0750751 0.320596 0.230479 0.0769963 0.194956 0.090303 0.278651 0.10269 0.100225 0.701885 0.367271 0.720106 0.501819 0.384534 0.350448 0.379872 0.835739 0.231816 0.201364 0
0.226182 0.402097 0.213738 0.120636 0.304595 0.0928777 0.0388238 0.0554175 0.219697 0.187869 0.106717 0.187809 0.0884889 0.0404708 0.140871 0.0563734 0.029495 0.14103 0.227641 0.0301952 0.179651 0.365139 0.162209 0.0814245 0.246517 0.0571063 0.0441134 0.127663 0.171102 0.0694608 1
0.368167 0.170105 0.352982 0.222778 0.326081 0.179191 0.107966 0.175348 0.232828 0.192923 0.0837588 0.00837606 0.0838713 0.0415728 0.102628 0.0961937 0.0468434 0.202122 0.193449 0.0652272 0.332266 0.157516 0.317695 0.170959 0.335667 0.168437 0.171805 0.429897 0.304356 0.175981 1
0.165602 0.178221 0.163776 0.0806363 0.411032 0.251273 0.14843 0.110239 0.436869 0.40417 0.0782546 0.169466 0.0851435 0.026089 0.1921 0.273515 0.132904 0.239439 0.193167 0.135947 0.149413 0.254531 0.15439 0.0627212 0.406326 0.264197 0.234744 0.319931 0.286813 0.271678 1
0.166075 0.300981 0.159422 0.0809332 0.489031 0.14539 0.0538191 0.0884692 0.213131 0.337826 0.0133985 0.265824 0.013099 0.00612255 0.243465 0.0533992 0.0456566 0.174256 0.141104 0.0836759 0.111348 0.333689 0.10135 0.046746 0.463118 0.0748125 0.0672764 0.22433 0.127735 0.153352 1
0.770931 0.416977 0.748462 0.654295 0.28672 0.291761 0.310216 0.482207 0.374242 0.117313 0.200145 0.109596 0.181218 0.170057 0.108679 0.174152 0.0712626 0.307445 0.164321 0.0982899 0.714337 0.43177 0.666318 0.545075 0.34095 0.321148 0.315335 0.806186 0.398975 0.241572 0
0.287236 0.139669 0.268952 0.164199 0.278866 0.0551193 0.0106818 0.0438817 0.198485 0.109941 0.103567 0.103496 0.0852848 0.0489505 0.0827753 0.0184682 0.00714899 0.0913241 0.0891822 0.0476075 0.241907 0.14339 0.216893 0.11974 0.200951 0.030251 0.0145687 0.121375 0.10684 0.0705759 1
0.370533 0.168752 0.351531 0.227869 0.289699 0.0944114 0.0800375 0.126292 0.302525 0.0741365 0.0386384 0.0581241 0.0433492 0.0259956 0.1698 0.0729865 0.0374242 0.200038 0.111414 0.0305407 0.273212 0.148188 0.255441 0.141319 0.282177 0.0716108 0.0879393 0.273368 0.151587 0.0418471 1
0.279663 0.11532 0.263285 0.157964 0.152749 0.0549353 0.0529522 0.0582008 0.139899 0.12321 0.0151005 0.0240453 0.0168685 0.0109787 0.102594 0.0841019 0.0417172 0.111858 0.116902 0.0409743 0.202419 0.0938166 0.184222 0.0962937 0.165027 0.0848056 0.0947284 0.184399 0.146659 0.0925489 1
0.410762 0.456206 0.458918 0.267232 0.526045 0.895712 0.744142 0.684394 0.724748 0.654592 0.427485 0.462739 0.441172 0.245981 0.361934 0.433337 0.207879 0.572836 0.217932 0.17782 0.424048 0.522921 0.464615 0.2558 0.523212 0.475313 0.49369 0.846048 0.337473 0.307359 0
0.197785 0.395671 0.187686 0.100445 0.443893 0.123919 0.0209817 0.0534791 0.280303 0.241786 0.0633714 0.291239 0.0570607 0.0227644 0.176599 0.0540001 0.0176061 0.11667 0.268166 0.0402488 0.157595 0.450426 0.143682 0.0670468 0.37661 0.0810218 0.0286102 0.147973 0.278139 0.106192 1
0.643144 0.272574 0.615783 0.501591 0.28988 0.181768 0.203608 0.348757 0.379798 0.141323 0.156437 0.0825893 0.12444 0.12566 0.119387 0.081323 0.0469697 0.253836 0.0845387 0.0911038 0.606901 0.303571 0.539818 0.435214 0.347553 0.154563 0.192971 0.639175 0.23359 0.222878 0
0.316106 0.18397 0.307373 0.185408 0.271283 0.172075 0.0995548 0.122813 0.369697 0.189764 0.0103929 0.0401123 0.0162088 0.00849462 0.118945 0.207198 0.0616919 0.158288 0.144903 0.13726 0.235148 0.203092 0.236815 0.115956 0.371987 0.274675 0.205192 0.362199 0.359156 0.271153 1
0.21719 0.315523 0.210144 0.112916 0.29638 0.177412 0.128515 0.0709742 0.490404 0.267692 0.0633351 0.23864 0.068275 0.0252111 0.189176 0.136825 0.112298 0.166679 0.151939 0.084436 0.182853 0.398721 0.179391 0.0824076 0.354817 0.161452 0.204473 0.229003 0.289769 0.182343 1
0.292915 0.409199 0.287679 0.164581 0.401824 0.261702 0.19351 0.261034 0.346465 0.248736 0.0298026 0.0557152 0.0271875 0.0143594 0.0556481 0.087031 0.0366667 0.129816 0.0457027 0.0285023 0.295269 0.476279 0.274366 0.136527 0.522552 0.352291 0.297764 0.552234 0.419476 0.269841 0
0.27919 0.649645 0.267501 0.157285 0.258193 0.119195 0.14515 0.116451 0.255556 0.149958 0.0362484 0.22096 0.0351034 0.01873 0.227725 0.144786 0.0984343 0.144346 0.127596 0.065849 0.212024 0.632196 0.191394 0.10089 0.340289 0.130696 0.194808 0.223127 0.159077 0.113997 1
0.234701 0.37369 0.235506 0.126193 0.301706 0.250659 0.15403 0.188419 0.266667 0.372789 0.0589173 0.22759 0.115017 0.0282183 0.170174 0.370325 0.110783 0.309339 0.152502 0.245984 0.188901 0.406983 0.208128 0.0886994 0.266988 0.246442 0.188898 0.396907 0.17741 0.293651 1
0.620427 0.478526 0.628222 0.468081 0.499865 0.504325 0.534911 0.636183 0.600505 0.520851 0.347818 0.305605 0.332045 0.2316 0.212496 0.338481 0.193157 0.366736 0.274076 0.173881 0.560299 0.464019 0.539818 0.371313 0.419534 0.30252 0.39393 0.660825 0.340824 0.260068 0
0.393724 0.526209 0.405017 0.249799 0.50167 0.461076 0.39433 0.43494 0.437374 0.32519 0.118595 0.144051 0.129152 0.0685434 0.119659 0.212681 0.090303 0.205152 0.137868 0.071584 0.43899 0.658049 0.492505 0.266368 0.613683 0.566318 0.50599 0.695533 0.485314 0.286764 0
0.230442 0.26209 0.219404 0.122672 0.280672 0.113613 0.0629803 0.11332 0.411616 0.151432 0.0345827 0.193998 0.0224756 0.0132201 0.199952 0.0957431 0.0356566 0.162493 0.141245 0.0307134 0.182497 0.365938 0.169032 0.081744 0.434062 0.144085 0.105112 0.314089 0.302779 0.0985832 1
0.439633 0.371999 0.436114 0.284284 0.580211 0.345132 0.346298 0.421869 0.448485 0.269798 0.118052 0.192671 0.118409 0.0702431 0.169426 0.139529 0.0820202 0.263686 0.105223 0.0654344 0.403771 0.489339 0.395388 0.229994 0.580004 0.259443 0.2873 0.543986 0.303174 0.176833 0
0.488381 0.249239 0.478267 0.332853 0.434865 0.259861 0.296626 0.415159 0.380303 0.129949 0.0716277 0.109751 0.0676624 0.0501085 0.103478 0.0959684 0.0588889 0.23906 0.0852423 0.0506823 0.424048 0.348348 0.400867 0.254817 0.465099 0.206857 0.269808 0.638144 0.310073 0.171127 0
0.483648 0.500845 0.486559 0.333362 0.49174 0.501871 0.396439 0.394831 0.437879 0.314027 0.173529 0.15046 0.138906 0.117049 0.139613 0.404873 0.107374 0.213487 0.103957 0.186699 0.547492 0.581023 0.503959 0.367627 0.576702 0.690893 0.524441 0.652577 0.344569 0.51725 0
0.27777 0.394319 0.268399 0.15737 0.206554 0.195632 0.143533 0.0927932 0.262626 0.235468 0.140431 0.31776 0.0845781 0.0643222 0.146106 0.319554 0.130682 0.254025 0.264648 0.236172 0.230167 0.39952 0.205289 0.113203 0.150895 0.161355 0.146805 0.192474 0.181944 0.173619 1
0.203938 0.112614 0.196531 0.103712 0.412657 0.173916 0.0764995 0.136928 0.358081 0.268324 0.0285714 0.0373718 0.0191773 0.011894 0.161777 0.0673536 0.0323737 0.167626 0.127174 0.0664018 0.156172 0.110874 0.138752 0.0669239 0.426798 0.119733 0.101837 0.300687 0.230239 0.165158 1
0.290075 0.433886 0.298735 0.16369 0.429448 0.395436 0.20396 0.253579 0.39899 0.487363 0.0295492 0.124226 0.0345851 0.0154801 0.120271 0.211479 0.0637879 0.157303 0.242838 0.114113 0.235503 0.456823 0.244385 0.111605 0.420855 0.400607 0.252556 0.386942 0.505224 0.344746 1
0.278243 0.280352 0.272269 0.153892 0.421685 0.23336 0.09112 0.11506 0.332323 0.210826 0.0557668 0.162394 0.0481082 0.0253045 0.121698 0.107835 0.052298 0.154935 0.135054 0.0674728 0.224475 0.341151 0.206534 0.107378 0.381232 0.181244 0.138259 0.272371 0.239306 0.158337 1
0.114724 0.405479 0.109253 0.0541676 0.467365 0.129471 0.0479616 0.0624752 0.487374 0.338037 0.115408 0.556444 0.0943316 0.0343072 0.442839 0.108811 0.0345202 0.164311 0.317414 0.127656 0.103878 0.51226 0.0912396 0.0428136 0.53774 0.0892686 0.0490495 0.129553 0.257638 0.183655 1
0.271617 0.269192 0.256997 0.151771 0.2377 0.0792589 0.0328491 0.0912028 0.201515 0.115417 0.0665942 0.115674 0.0637045 0.0307024 0.191182 0.0712591 0.0135934 0.106516 0.16207 0.00984626 0.209534 0.238273 0.191543 0.0987023 0.23529 0.0667113 0.0277077 0.124124 0.118273 0.0341729 1
0.197312 0.113967 0.187133 0.101124 0.405435 0.0973867 0.0464386 0.0887674 0.388889 0.233572 0.0411371 0.0931091 0.0316638 0.0162085 0.24836 0.0505678 0.030202 0.155939 0.225108 0.025013 0.144433 0.114072 0.128692 0.0628195 0.415572 0.0605602 0.0568371 0.18921 0.255076 0.0831694 1
0.228075 0.255326 0.217469 0.122333 0.34522 0.13171 0.0668463 0.0814115 0.397475 0.215459 0.084121 0.172339 0.0691702 0.0341017 0.127477 0.130592 0.0525 0.102254 0.0969213 0.0751771 0.196371 0.332356 0.17725 0.0926072 0.351516 0.14098 0.115735 0.184055 0.239306 0.171652 1
0.286289 0.294555 0.268261 0.161315 0.335831 0.0560702 0.0600281 0.145278 0.205556 0.182603 0.0262176 0.437986 0.01946 0.013743 0.08971 0.0198801 0.0339141 0.220496 0.264929 0.0304716 0.191035 0.28758 0.16958 0.0886502 0.17064 0.0183369 0.0386022 0.172268 0.0831855 0.043618 1
0.325098 0.334461 0.310207 0.190498 0.308838 0.134716 0.0314433 0.113966 0.25 0.142586 0.0834329 0.291239 0.0741648 0.0426374 0.140157 0.0653258 0.0146768 0.13334 0.172483 0.0494386 0.273924 0.426173 0.251457 0.138591 0.268309 0.0842235 0.0379633 0.202405 0.186872 0.0922865 1
0.305694 0.40142 0.292931 0.177943 0.261713 0.125544 0.0728679 0.100944 0.365657 0.124474 0.0459895 0.103054 0.0384017 0.0256407 0.0532685 0.0658515 0.035101 0.130347 0.0832724 0.0135084 0.284596 0.485874 0.259425 0.148127 0.25246 0.171736 0.166534 0.382131 0.281687 0.1077 0
0.222396 0.218465 0.219059 0.117497 0.543198 0.224679 0.100258 0.155666 0.400505 0.295914 0.0940793 0.175433 0.0846723 0.0387898 0.247646 0.0801214 0.0467424 0.221065 0.191901 0.0800829 0.191747 0.255064 0.180089 0.0896087 0.53774 0.116822 0.11901 0.337285 0.244234 0.165289 1
0.187373 0.300304 0.183816 0.0960764 0.431254 0.169376 0.115839 0.145726 0.215152 0.340986 0.0970849 0.305605 0.106535 0.0354465 0.265357 0.143359 0.0502525 0.218791 0.181629 0.0623942 0.159018 0.361407 0.161114 0.0705859 0.4301 0.133025 0.11278 0.271031 0.135226 0.146137 1
0.193999 0.16909 0.182572 0.0972216 0.433059 0.116711 0.0553655 0.12838 0.255556 0.352359 0.0346913 0.319307 0.0292136 0.0229325 0.450318 0.142383 0.0366919 0.299867 0.322761 0.134393 0.121665 0.127932 0.107575 0.0519318 0.333025 0.053468 0.0314537 0.147973 0.0664301 0.118654 1
0.533343 0.347311 0.523875 0.380276 0.379164 0.274891 0.264058 0.367793 0.370707 0.157119 0.121383 0.0912747 0.114169 0.0879869 0.0884183 0.0868808 0.0569192 0.196818 0.0817245 0.04436 0.531839 0.416844 0.511928 0.349194 0.482269 0.223448 0.302236 0.663918 0.295289 0.187853 0
0.415022 0.356442 0.406399 0.262057 0.450212 0.309858 0.268744 0.321173 0.441919 0.275274 0.0853884 0.123917 0.0700655 0.0474189 0.103784 0.161384 0.060202 0.163611 0.138431 0.07725 0.413732 0.48694 0.375965 0.221884 0.55491 0.408175 0.317572 0.508247 0.478612 0.336875 0
0.228075 0.23233 0.243245 0.122375 0.509795 0.461996 0.388707 0.368539 0.817172 0.500211 0.0753938 0.235546 0.0718089 0.0334667 0.126254 0.255941 0.117399 0.349119 0.68101 0.129211 0.206688 0.382729 0.206783 0.0999066 0.444628 0.370531 0.359744 0.640893 0.829687 0.314574 0
0.250319 0.685154 0.232396 0.136543 0.219915 0.0447825 0 0 0.323737 0.203033 0.120949 0.726397 0.100221 0.0529102 0.19125 0.044995 0 0 0.331063 0.0774227 0.196371 0.693763 0.172668 0.0918453 0.152216 0.0240999 0 0 0.166371 0.0812672 1
0.46377 0.307406 0.452699 0.31508 0.325178 0.222195 0.197329 0.326839 0.420707 0.113311 0.176534 0.227811 0.158884 0.113071 0.149913 0.168594 0.0663131 0.303845 0.183317 0.0897564 0.431163 0.380597 0.399871 0.264157 0.301327 0.17911 0.185144 0.506529 0.245417 0.113079 0
0.593923 0.769699 0.581922 0.4579 0.285005 0.28716 0.268276 0.329871 0.185859 0.066765 0.227304 0.212341 0.186826 0.192563 0.130061 0.181663 0.0672727 0.204205 0.0765183 0.0470202 0.710423 0.889925 0.646397 0.563262 0.459816 0.371016 0.319089 0.558419 0.226296 0.13538 0
0.171281 0.312479 0.176145 0.0860657 0.399476 0.292375 0.149649 0.131312 0.435354 0.31487 0.122759 0.184936 0.125948 0.037912 0.195703 0.252035 0.084697 0.258572 0.382141 0.0837105 0.140519 0.291045 0.138802 0.0588871 0.331044 0.21753 0.153035 0.272371 0.271043 0.136626 1
0.689999 0.428813 0.678668 0.56649 0.526948 0.296055 0.571462 0.690358 0.336364 0.132056 0.385479 0.197976 0.325873 0.28371 0.291906 0.200213 0.131263 0.464861 0.0458434 0.115529 0.623266 0.383262 0.576174 0.452664 0.461137 0.178527 0.328035 0.761512 0.0975754 0.105667 0
0.269724 0.477849 0.268814 0.150795 0.537781 0.327649 0.264292 0.3416 0.426768 0.33572 0.113706 0.180737 0.102248 0.0553943 0.206275 0.181963 0.0750758 0.244364 0.119153 0.0934876 0.325863 0.571695 0.305742 0.172803 0.752361 0.367523 0.321406 0.589691 0.358368 0.31523 0
0.521037 0.0226581 0.545989 0.363733 0.593753 0.792037 0.70314 0.731113 0.686364 0.605518 0.356147 0.120469 0.369034 0.273811 0.159296 0.351398 0.135682 0.300625 0.311645 0.183037 0.620775 0.141525 0.66831 0.450698 0.601136 0.619292 0.56861 0.912027 0.598462 0.418864 0
0.154716 0.218803 0.157073 0.076649 0.482712 0.281332 0.157591 0.197068 0.34495 0.480834 0.0927757 0.245491 0.0395797 0.0296564 0.298365 0.303407 0.101111 0.29248 0.271683 0.231508 0.119175 0.228945 0.105185 0.0504326 0.455854 0.202491 0.151597 0.334845 0.205598 0.275351 1
0.166075 0.323977 0.163223 0.0816967 0.42665 0.203668 0.0701734 0.0596918 0.584343 0.312763 0.0881767 0.259415 0.0727984 0.0304969 0.199952 0.149743 0.0727273 0.163175 0.270417 0.0883054 0.128424 0.300906 0.118582 0.0534801 0.335006 0.117696 0.0637939 0.110069 0.248571 0.13433 1
0.415022 0.32161 0.437496 0.260912 0.647016 0.665665 0.682755 0.617296 0.664141 0.549073 0.148072 0.213004 0.128163 0.0829626 0.258898 0.475696 0.251338 0.432468 0.669049 0.222318 0.335468 0.323827 0.343593 0.179439 0.553589 0.463089 0.548882 0.733677 0.528287 0.327693 0
0.378106 0.339872 0.357335 0.231898 0.285095 0.104718 0.0456186 0.0963718 0.229798 0.0568661 0.0262538 0.155764 0.0249258 0.0183751 0.0653024 0.0430423 0.0208788 0.121841 0.159819 0.0215927 0.286375 0.367804 0.258429 0.146702 0.220102 0.0704951 0.061901 0.197732 0.213089 0.0381084 1
0.0897818 0.195468 0.0894893 0.0413574 0.27354 0.176676 0.110614 0.11834 0.439394 0.342249 0.154481 0.185599 0.165858 0.0436647 0.313322 0.200814 0.0811616 0.285281 0.288287 0.113284 0.0729634 0.151386 0.0740077 0.0287063 0.200291 0.0946047 0.0754074 0.163643 0.171299 0.126394 1
0.344976 0.434224 0.34538 0.206278 0.461948 0.294522 0.342784 0.305119 0.437374 0.207666 0.0330255 0.329473 0.0536211 0.0219239 0.149573 0.177081 0.117298 0.241712 0.0932628 0.0988426 0.261829 0.593017 0.26839 0.133479 0.441326 0.23868 0.338179 0.468041 0.223339 0.186737 0
0.377633 0.317552 0.367908 0.230668 0.336644 0.241856 0.139175 0.239513 0.413636 0.180286 0.0638059 0.129906 0.0666258 0.0337469 0.123024 0.141932 0.0387879 0.224853 0.103253 0.0663327 0.29598 0.377665 0.292295 0.15351 0.397081 0.267495 0.144089 0.511684 0.275379 0.194674 1
0.279663 0.148799 0.284431 0.156394 0.315699 0.353414 0.321931 0.197813 0.270707 0.297599 0.0329531 0.0176803 0.0770862 0.0178335 0.128769 0.40307 0.20601 0.259519 0.0672314 0.230092 0.229811 0.151386 0.271876 0.111556 0.358119 0.540996 0.617173 0.536426 0.211709 0.411649 1
0.531923 0.304024 0.528713 0.377306 0.561253 0.396049 0.415183 0.526839 0.521212 0.276748 0.261525 0.272454 0.194129 0.17185 0.0743108 0.205471 0.0711364 0.174692 0.265351 0.146174 0.450729 0.322761 0.421784 0.279149 0.375289 0.196379 0.209505 0.455326 0.28701 0.162862 0
0.282029 0.218465 0.2722 0.154443 0.416719 0.211582 0.0772259 0.118787 0.340909 0.25358 0.0124208 0.120403 0.011332 0.00851329 0.0399089 0.0795956 0.0407323 0.138435 0.15222 0.0372085 0.210957 0.293177 0.195627 0.0972523 0.303969 0.163489 0.144569 0.288247 0.341415 0.152827 1
0.232335 0.258708 0.223965 0.123902 0.630767 0.161708 0.138918 0.367992 0.482323 0.185131 0.191816 0.427157 0.153795 0.0785173 0.423803 0.0949169 0.0319949 0.361811 0.265914 0.0727932 0.159018 0.185768 0.144679 0.0705859 0.427458 0.0547099 0.0571326 0.307423 0.129115 0.0346976 1
0.476549 0.316875 0.481031 0.31877 0.554934 0.422735 0.447516 0.54175 0.540909 0.279907 0.0667753 0.0704562 0.0657777 0.0470267 0.129823 0.133896 0.0771465 0.262171 0.0547082 0.0497841 0.414799 0.343017 0.413815 0.246707 0.654626 0.355202 0.400799 0.873883 0.304356 0.233307 0
0.34119 0.476835 0.339161 0.198176 0.379164 0.341145 0.261246 0.321173 0.593434 0.302654 0.111968 0.328147 0.130849 0.0451963 0.311623 0.261724 0.0931313 0.308202 0.522148 0.133805 0.317681 0.608475 0.321679 0.153878 0.559532 0.367329 0.299042 0.608935 0.622708 0.311951 0
0.0825879 0.206967 0.08327 0.0370732 0.563059 0.192105 0.0968135 0.0956262 0.297475 0.555392 0.0199167 0.0499912 0.0281299 0.00404185 0.222592 0.149293 0.082298 0.197007 0.129425 0.10057 0.0604056 0.202559 0.0700732 0.0243807 0.668494 0.20288 0.196166 0.360825 0.268283 0.306048 1
0.457617 0.394657 0.457536 0.322842 0.536878 0.387461 0.35731 0.455765 0.472222 0.28096 0.251783 0.119674 0.221364 0.178929 0.147364 0.124433 0.0692172 0.214056 0.0956549 0.065849 0.659196 0.520789 0.63046 0.498869 0.721984 0.320662 0.375 0.719931 0.403706 0.266299 0
0.287236 0.300304 0.285398 0.15631 0.50167 0.340531 0.225 0.278479 0.492424 0.316976 0.0720985 0.254111 0.0863686 0.0275832 0.207159 0.278397 0.129091 0.35537 0.291524 0.166523 0.222697 0.341951 0.218188 0.0997837 0.416892 0.231404 0.205511 0.432302 0.305145 0.184507 1
0.276823 0.426784 0.286573 0.152577 0.507087 0.492362 0.397141 0.341004 0.536869 0.475569 0.070469 0.156648 0.070678 0.0342325 0.179148 0.272839 0.118258 0.283955 0.125485 0.163137 0.258627 0.483209 0.27337 0.127998 0.703493 0.491904 0.501757 0.679381 0.363099 0.454283 0
0.412656 0.358471 0.396724 0.264305 0.391261 0.210447 0.154475 0.257903 0.281818 0.11647 0.0935723 0.174549 0.0776987 0.0638366 0.0990244 0.153048 0.0493434 0.185016 0.106771 0.0530316 0.433298 0.554371 0.392898 0.266368 0.463779 0.317655 0.231789 0.529553 0.369012 0.205103 0
0.385205 0.235712 0.380001 0.243096 0.326171 0.234648 0.176898 0.202734 0.269697 0.208509 0.0577947 0.000419912 0.0573434 0.0366793 0.127783 0.127212 0.0514899 0.156469 0.103394 0.0686129 0.350053 0.219083 0.335126 0.197675 0.514627 0.296698 0.265735 0.430241 0.364676 0.277843 0
0.15519 0.23233 0.152443 0.0752068 0.326262 0.187964 0.102109 0.121173 0.307576 0.361837 0.00105015 0.146482 0.0109174 0.000978711 0.290886 0.214708 0.0659848 0.207805 0.20949 0.172569 0.103166 0.267058 0.102943 0.0423221 0.494816 0.191431 0.142412 0.286357 0.221959 0.260724 1
0.21435 0.480893 0.212356 0.110286 0.360928 0.253727 0.260544 0.204026 0.165657 0.331508 0.0460981 0.562191 0.0555529 0.0189915 0.220519 0.207048 0.144899 0.240008 0.0984691 0.132769 0.161864 0.670043 0.158723 0.0710283 0.387176 0.217724 0.289936 0.331718 0.107826 0.211728 1
0.18548 0.109909 0.172068 0.094719 0.203304 0.0545979 0.00723992 0.0327435 0.192929 0.157329 0.0616694 0.0886669 0.0495217 0.0219239 0.150559 0.0291555 0.00463384 0.0677401 0.119435 0.0611505 0.157595 0.164712 0.137756 0.0699961 0.303308 0.0539919 0.0148083 0.135842 0.231224 0.143054 1
0.249373 0.430504 0.237648 0.13701 0.264422 0.100055 0.0401593 0.062674 0.244444 0.206403 0.0407025 0.172118 0.0386373 0.02099 0.115002 0.0735873 0.0237626 0.0862095 0.115354 0.0519606 0.221985 0.532249 0.210817 0.107575 0.35944 0.148548 0.0982428 0.217698 0.302582 0.17703 1
0.211984 0.285763 0.205929 0.110117 0.324095 0.176554 0.0783505 0.0746521 0.177273 0.262637 0.078327 0.154438 0.0809499 0.0301234 0.167896 0.182263 0.0560859 0.147888 0.155597 0.0869235 0.168979 0.255597 0.160765 0.0748624 0.285478 0.147093 0.0979233 0.189313 0.126749 0.139971 1
0.282503 0.213392 0.271923 0.157031 0.432157 0.184191 0.144213 0.167495 0.338384 0.310447 0.0354517 0.0891531 0.0223343 0.0202989 0.238366 0.133521 0.0589646 0.214435 0.258457 0.132354 0.206688 0.210821 0.191245 0.0983582 0.509344 0.174162 0.178994 0.362887 0.357776 0.267611 1
0.59487 0.456544 0.588142 0.437116 0.436671 0.344825 0.434864 0.507455 0.469192 0.187026 0.180771 0.547162 0.217971 0.118226 0.32386 0.290789 0.188611 0.651828 0.278578 0.184661 0.458556 0.490938 0.456148 0.277182 0.356138 0.207731 0.305831 0.627148 0.19929 0.13761 0
0.352075 0.34021 0.350287 0.211665 0.405254 0.290534 0.219962 0.290209 0.413636 0.293597 0.0644577 0.329473 0.0762852 0.037445 0.21389 0.200514 0.0838636 0.269748 0.0948106 0.122888 0.298826 0.502132 0.294288 0.157589 0.475005 0.267107 0.255112 0.537801 0.227282 0.25246 0
0.353495 0.355428 0.350356 0.21175 0.416087 0.310472 0.276476 0.297217 0.449495 0.309604 0.0353793 0.0642459 0.0324648 0.0235675 0.0792399 0.103028 0.050505 0.138341 0.103253 0.0373467 0.369975 0.482409 0.336122 0.21107 0.55491 0.367038 0.396725 0.631615 0.628425 0.303424 0
0.10824 0.106865 0.122314 0.0446235 1 0.627323 0.227976 0.261034 0.665657 0.949031 0.107224 0.161952 0.106347 0.0247255 0.274331 0.324211 0.0879545 0.414472 0.246778 0.330109 0.0836001 0.116205 0.0928333 0.0282639 0.78604 0.307371 0.167652 0.352234 0.290361 0.460186 1
0.389938 0.707136 0.411927 0.243224 0.470976 0.580701 0.59747 0.468638 0.539394 0.454086 0.0538475 0.186704 0.0756255 0.0296004 0.0989904 0.346892 0.185833 0.304603 0.18979 0.181275 0.34116 0.820096 0.38991 0.179365 0.46576 0.741634 0.934505 0.809622 0.497536 0.563164 0
0.180747 0 0.172621 0.0908165 0.39099 0.116496 0.0593018 0.0843936 0.162121 0.295704 0.0221981 0.0102104 0.0173868 0.00873742 0.207227 0.056809 0.0277525 0.101231 0.0655429 0.0423216 0.130559 0 0.115793 0.0562328 0.478307 0.0954779 0.0836262 0.158179 0.103489 0.143972 1
0.251739 0.314846 0.235575 0.136119 0.275345 0.0694436 0.0181724 0.0424205 0.241919 0.199874 0.0262538 0.258973 0.0208265 0.0120247 0.209675 0.0464145 0.0176869 0.123546 0.161929 0.0458456 0.192814 0.438166 0.169929 0.088257 0.336987 0.0613461 0.0289058 0.136873 0.194954 0.111701 1
0.360121 0.43862 0.363486 0.217858 0.28979 0.348506 0.241097 0.185686 0.19899 0.242418 0.0412457 0.165267 0.0691231 0.0237916 0.0859707 0.331496 0.166111 0.304224 0.119576 0.121299 0.268588 0.40645 0.276358 0.134757 0.207555 0.281175 0.292492 0.379725 0.136606 0.163977 1
0.245113 0.281366 0.238408 0.132259 0.34522 0.180971 0.0683224 0.0758946 0.20404 0.271272 0.039073 0.183389 0.0433963 0.0176654 0.108713 0.10821 0.0352778 0.0977647 0.0936849 0.03327 0.192458 0.422441 0.191344 0.0890189 0.327742 0.194633 0.129393 0.195533 0.16578 0.14594 1
0.483175 0.417991 0.468592 0.332895 0.402907 0.216459 0.212301 0.324404 0.407576 0.122999 0.111823 0.0835617 0.0971587 0.0721295 0.0945032 0.0736624 0.0517172 0.187062 0.0500647 0.0234928 0.485592 0.461354 0.448678 0.307413 0.558872 0.222575 0.310623 0.681787 0.325448 0.135511 0
0.239907 0.439973 0.241587 0.129077 0.150943 0.269677 0.186106 0.148012 0.0722222 0.350253 0.00286076 0.237314 0.0481082 0.00513076 0.113166 0.325563 0.108712 0.315779 0.236647 0.223286 0.165066 0.444829 0.184023 0.0745183 0.111074 0.285347 0.232588 0.375258 0.123398 0.252197 1
0.643618 0.420358 0.628222 0.48632 0.345491 0.354027 0.384255 0.475199 0.356061 0.00589723 0.271085 0.247481 0.295528 0.195925 0.217935 0.254288 0.138611 0.523773 0.335988 0.050786 0.544646 0.421642 0.537328 0.361483 0.307931 0.256823 0.308387 0.659794 0.264932 0.0236783 0
0.681007 0.182279 0.67383 0.527041 0.428546 0.405251 0.452671 0.623757 0.461111 0.25 0.0832519 0.209689 0.0777458 0.0602505 0.0922256 0.183991 0.0867929 0.254404 0.124782 0.119952 0.52508 0.261727 0.50645 0.331744 0.317176 0.249061 0.321406 0.675601 0.229647 0.207399 0
0.354915 0.397362 0.348697 0.214083 0.377449 0.24566 0.282099 0.245427 0.512626 0.134794 0.111859 0.411024 0.11987 0.0598956 0.260258 0.207123 0.135631 0.333586 0.22933 0.0813267 0.294557 0.459222 0.288809 0.153288 0.392459 0.165236 0.267492 0.420962 0.286813 0.0880231 0
0.24748 0.281028 0.238546 0.133574 0.35822 0.160634 0.102905 0.100746 0.320707 0.193766 0.0511316 0.0924682 0.0526316 0.0219799 0.140055 0.0873314 0.050505 0.134249 0.161789 0.0367939 0.226254 0.320362 0.216345 0.107993 0.433402 0.184058 0.192732 0.303402 0.325843 0.128952 1
0.223816 0.194116 0.21588 0.117413 0.563059 0.163886 0.0938613 0.161531 0.479293 0.318029 0.0844106 0.0838269 0.0752957 0.0331118 0.265935 0.065476 0.0416919 0.212351 0.163899 0.076179 0.182497 0.163646 0.168086 0.0813999 0.494156 0.081701 0.0868211 0.270241 0.236546 0.15099 1
0.698992 0.381468 0.715293 0.57158 0.373567 0.542053 0.514292 0.540755 0.333838 0.252317 0.38222 0.219192 0.382133 0.280162 0.135092 0.355604 0.159823 0.2957 0.159819 0.128485 0.72074 0.430704 0.724588 0.540405 0.370006 0.431945 0.463818 0.632646 0.249951 0.219992 0
0.200625 0.343253 0.194527 0.103415 0.476393 0.148488 0.0117291 0.0376889 0.444444 0.217355 0.0673909 0.354889 0.0566367 0.0239411 0.37995 0.0660017 0.00832576 0.0940898 0.486126 0.0368976 0.144077 0.366738 0.131979 0.0616644 0.470382 0.0673322 0.0106629 0.0694845 0.34043 0.0667716 1
0.202518 0.346635 0.206827 0.106299 0.248894 0.302804 0.217291 0.277734 0.775253 0.260531 0.135832 0.341407 0.0998916 0.0520697 0.476833 0.603599 0.20452 0.660542 0.37004 0.19423 0.139808 0.274787 0.138752 0.062033 0.208875 0.152332 0.123482 0.320069 0.274 0.0987145 1
0.180747 0.414948 0.172759 0.0917922 0.319401 0.116711 0.0846767 0.0697813 0.482828 0.206613 0.0710483 0.278642 0.069877 0.0250244 0.164191 0.144411 0.0755303 0.197954 0.148562 0.0620142 0.171825 0.533582 0.165745 0.0747886 0.390477 0.13807 0.153914 0.257216 0.275971 0.141545 1
0.78229 0.492391 0.769194 0.68017 0.489934 0.33409 0.540769 0.700795 0.372222 0.107414 0.325005 0.124713 0.268812 0.293796 0.155658 0.131117 0.0904545 0.246448 0.0972027 0.0768008 0.808965 0.498667 0.75696 0.668698 0.530476 0.233344 0.384904 0.717869 0.202641 0.14653 0
0.375739 0.17653 0.3639 0.230498 0.255936 0.202779 0.12978 0.160089 0.316667 0.141744 0.0481984 0.0161775 0.0503699 0.0308331 0.0529626 0.116021 0.0583333 0.159102 0.0506276 0.0512696 0.329064 0.165245 0.306738 0.1773 0.233309 0.244307 0.251677 0.394158 0.221368 0.181621 1
0.326045 0.371661 0.317739 0.18719 0.389546 0.252807 0.0864105 0.117744 0.282828 0.356361 0.0581206 0.151786 0.0621496 0.0304783 0.155862 0.146213 0.0660354 0.171642 0.0987505 0.0934185 0.253291 0.339286 0.242841 0.123722 0.364723 0.171154 0.109984 0.235223 0.134831 0.195986 1
0.557954 0.396348 0.54668 0.402333 0.347838 0.370591 0.24836 0.302684 0.45101 0.228939 0.192178 0.258531 0.170193 0.152126 0.198355 0.275768 0.0988384 0.344005 0.194152 0.122646 0.590893 0.595682 0.551273 0.414815 0.51925 0.441841 0.370128 0.70378 0.416716 0.28637 0
0.280136 0.21001 0.276069 0.156394 0.308206 0.232225 0.114667 0.153479 0.362626 0.260952 0.0372261 0.0908327 0.0439146 0.0183751 0.122752 0.100475 0.0381313 0.143664 0.185147 0.0342719 0.233013 0.261194 0.23288 0.112711 0.396421 0.220731 0.166933 0.347766 0.39109 0.171455 1
0.362488 0.241461 0.348421 0.221633 0.304956 0.146003 0.121649 0.138718 0.176263 0.0756108 0.0394351 0.142725 0.0336427 0.0246135 0.061937 0.0877069 0.0454545 0.116386 0.0655429 0.0111936 0.303451 0.357676 0.276856 0.15872 0.284158 0.174356 0.194649 0.269003 0.175439 0.0716253 1
0.56032 0.414609 0.552208 0.409968 0.443893 0.366603 0.373477 0.434592 0.44596 0.239259 0.256238 0.347153 0.176035 0.181357 0.216236 0.290113 0.134369 0.347414 0.224405 0.125065 0.524013 0.503998 0.472583 0.348457 0.44793 0.309505 0.31246 0.586942 0.28425 0.184311 0
0.644564 0.66351 0.665538 0.475716 0.588336 0.790197 0.823336 0.755467 0.675253 0.425442 0.222524 0.272896 0.2363 0.148335 0.163477 0.445579 0.179722 0.315211 0.216103 0.18276 0.633582 0.730277 0.66831 0.402035 0.619626 0.815758 0.74976 0.910653 0.497142 0.452315 0
0.590137 0.32533 0.571557 0.434995 0.45924 0.304951 0.323102 0.426988 0.361616 0.13711 0.175412 0.0605552 0.143241 0.119907 0.0998062 0.118274 0.0694192 0.240008 0.0811617 0.0571774 0.632159 0.334488 0.561233 0.439147 0.518589 0.280205 0.344808 0.686942 0.357579 0.226027 0
0.213877 0.29557 0.203787 0.111941 0.368511 0.124318 0.0618088 0.102833 0.390909 0.197557 0.101829 0.106679 0.0907977 0.0377065 0.15865 0.0630727 0.0314394 0.173802 0.2116 0.0195543 0.179296 0.278252 0.162907 0.0795566 0.311233 0.0752976 0.0647364 0.22488 0.231618 0.0644759 1
0.392304 0.108218 0.375786 0.246872 0.263519 0.131648 0.138051 0.156909 0.15101 0.111626 0.0369002 0.000574614 0.0361872 0.0246508 0.0876364 0.0759155 0.0464899 0.139667 0.0233157 0.0262912 0.336179 0.103945 0.315205 0.183715 0.336987 0.18561 0.236581 0.35567 0.148827 0.129214 1
0.204884 0.315523 0.19356 0.106299 0.259637 0.0847494 0.0869025 0.110835 0.230303 0.141323 0.0583741 0.128779 0.0506055 0.0211954 0.2573 0.0523027 0.052096 0.169824 0.196263 0.0432199 0.156528 0.315032 0.137407 0.069185 0.381893 0.0622775 0.115335 0.23921 0.164597 0.0745769 1
0.636992 0.408184 0.622003 0.487593 0.350907 0.287467 0.229592 0.386928 0.281818 0.118155 0.168966 0.123011 0.163078 0.122597 0.152803 0.126235 0.0599747 0.276757 0.0924185 0.0349283 0.582711 0.382463 0.551771 0.391958 0.406326 0.204044 0.215815 0.606529 0.205795 0.0807425 0
0.335037 0.252621 0.317601 0.197497 0.251151 0.104994 0.0628163 0.161581 0.293434 0.161752 0.0140865 0.292786 0.022617 0.0109601 0.12435 0.0786944 0.0285859 0.173423 0.130973 0.018967 0.248666 0.355011 0.229145 0.122714 0.233969 0.0929553 0.0675719 0.271856 0.188843 0.0724781 1
0.3038 0.365573 0.30993 0.17527 0.523337 0.391142 0.338566 0.406163 0.533333 0.490522 0.101068 0.126061 0.110069 0.0501832 0.125812 0.153198 0.0871717 0.252699 0.129003 0.107445 0.301672 0.470149 0.313213 0.162013 0.569438 0.347634 0.407827 0.704811 0.398186 0.366391 0
0.581618 0.566791 0.581231 0.432025 0.373567 0.467824 0.388238 0.377386 0.400505 0.266428 0.160891 0.054367 0.130566 0.114621 0.112248 0.232283 0.0883081 0.182667 0.106208 0.103679 0.577019 0.503198 0.552767 0.400069 0.526514 0.612888 0.486502 0.613402 0.415336 0.375574 0
0.543282 0.297937 0.534241 0.395122 0.416268 0.263542 0.312793 0.437127 0.541414 0.216091 0.213 0.246376 0.189653 0.137838 0.161743 0.106934 0.0708586 0.26899 0.222576 0.0988081 0.533618 0.417377 0.506948 0.348457 0.453213 0.176199 0.252157 0.564261 0.41987 0.201692 0
0.209617 0.037538 0.204201 0.110201 0.371039 0.145605 0.0822868 0.130368 0.306566 0.235257 0.0106102 0.0222109 0.0163031 0.00690701 0.147092 0.0979211 0.0382323 0.122372 0.0782068 0.0452928 0.173959 0.105277 0.165994 0.0799499 0.552268 0.205402 0.167891 0.307835 0.286024 0.198019 1
0.30664 0.625634 0.290927 0.177561 0.203485 0.0855162 0.0297798 0.0555169 0.182323 0.161542 0.0207858 0.174549 0.0302973 0.0151439 0.109766 0.0734371 0.0189596 0.0981057 0.0919964 0.0272586 0.240484 0.629264 0.232581 0.121756 0.261705 0.114882 0.0633706 0.19866 0.222551 0.102125 1
0.0354016 0.533649 0.0289545 0.0149735 0.255936 0.0901785 0 0 0.409091 0.482098 0.0963969 0.243502 0.0817509 0.0230445 0.372132 0.0558777 0 0 0.294619 0.206495 0.040804 0.503731 0.033667 0.0154345 0.35944 0.0544382 0 0 0.294303 0.29083 1
0.329358 0.11701 0.321471 0.191177 0.65153 0.239771 0.236645 0.328777 0.462626 0.307709 0.157378 0.50274 0.157094 0.0708594 0.283068 0.22695 0.120278 0.540443 0.13041 0.160062 0.237994 0.0895522 0.219682 0.115046 0.450571 0.105859 0.124521 0.348797 0.117288 0.114719 1
0.601496 0.39026 0.595743 0.449417 0.514309 0.431016 0.462512 0.635686 0.509596 0.211247 0.229622 0.0943025 0.18037 0.162922 0.150831 0.283955 0.0967677 0.389847 0.20569 0.126999 0.556386 0.360075 0.508442 0.374508 0.48359 0.385375 0.359744 0.835052 0.403706 0.213433 0
0.0336031 0.531958 0.0314422 0.0114104 0.307394 0.308325 0.216776 0.0677932 0.493434 0.580244 0.0391454 0.24726 0.0324177 0.00920437 0.467655 0.468036 0.233636 0.258382 0.185287 0.229953 0.0266098 0.529584 0.0203197 0.00943767 0.583966 0.270794 0.271006 0.171821 0.241475 0.338187 1
0.302854 0.710517 0.294036 0.175483 0.359484 0.168333 0.0660497 0.162227 0.159091 0.214827 0.0830346 0.345606 0.0720916 0.04133 0.140327 0.0766666 0.0200404 0.172912 0.109163 0.0722059 0.253291 0.788646 0.23049 0.1279 0.303969 0.111389 0.0559345 0.26677 0.124384 0.142398 1
0.348289 0.127156 0.336673 0.211113 0.419157 0.174406 0.134114 0.228777 0.512626 0.095198 0.148651 0.0998718 0.141639 0.07749 0.182751 0.0903356 0.059596 0.243607 0.207942 0.0196234 0.314479 0.130064 0.29877 0.169092 0.386515 0.121479 0.130351 0.37354 0.295092 0.0372557 1
0.40461 0.806561 0.414 0.255101 0.484517 0.443286 0.410262 0.417445 0.520707 0.348357 0.0472207 0.202838 0.053998 0.0302915 0.123466 0.175053 0.0729545 0.193597 0.0290567 0.085127 0.375667 1 0.377957 0.208858 0.773493 0.513345 0.455511 0.692096 0.383797 0.428703 0
0.438686 0.331417 0.456154 0.285175 0.451115 0.521195 0.523899 0.456958 0.55101 0.333193 0.0735832 0.138238 0.108986 0.049156 0.254411 0.393908 0.204015 0.419587 0.279282 0.188634 0.336535 0.293977 0.35704 0.185436 0.439345 0.406429 0.471006 0.609966 0.345555 0.238226 0
0.24606 0.274941 0.234953 0.130477 0.468268 0.157015 0.0583411 0.146173 0.424242 0.345198 0.0921963 0.254332 0.0778872 0.0329437 0.126457 0.0716346 0.0285606 0.287744 0.201469 0.0868198 0.174315 0.237207 0.158026 0.0761895 0.282837 0.0643149 0.0397764 0.202131 0.130495 0.122786 1
0.550381 0.356442 0.541151 0.403181 0.377088 0.26753 0.34911 0.384245 0.321717 0.148062 0.268477 0.329031 0.229704 0.162007 0.307203 0.187521 0.128308 0.362 0.211741 0.114769 0.475987 0.406183 0.44569 0.299302 0.41359 0.178916 0.27524 0.512027 0.152967 0.125738 0
0.235174 0.177545 0.231083 0.120127 0.570281 0.310472 0.0274367 0.0888171 0.706566 0.333825 0.0903495 0.152449 0.0800075 0.0370715 0.138933 0.164614 0.0197374 0.19928 0.273794 0.0766626 0.173604 0.151919 0.162757 0.0764353 0.383874 0.156407 0.0249361 0.16378 0.307313 0.136823 1
0.237068 0.513358 0.233709 0.12632 0.454726 0.223299 0.127484 0.212425 0.383838 0.39048 0.054608 0.186483 0.0522075 0.0235115 0.224598 0.135173 0.0589394 0.315401 0.18374 0.0960097 0.179651 0.488806 0.16968 0.0807855 0.39576 0.150294 0.128514 0.413058 0.203824 0.180178 1
0.536182 0.367602 0.532168 0.385366 0.489031 0.323354 0.367619 0.469732 0.40404 0.199031 0.156944 0.124271 0.115959 0.113108 0.151715 0.124057 0.0735606 0.198144 0.108459 0.0632234 0.495553 0.377932 0.457144 0.321422 0.515288 0.219567 0.30024 0.5189 0.297457 0.154729 0
0.632259 0.399053 0.636514 0.475292 0.581114 0.515674 0.600984 0.747515 0.762121 0.352569 0.166105 0.146482 0.153371 0.116284 0.128225 0.165665 0.0805556 0.259329 0.278578 0.0846433 0.61793 0.528785 0.601076 0.43079 0.581325 0.409339 0.426837 0.92268 0.787108 0.310639 0
0.439159 0.411566 0.44026 0.289841 0.5766 0.33409 0.421509 0.39667 0.408586 0.323505 0.16625 0.242397 0.10385 0.0951031 0.300744 0.265179 0.147449 0.224664 0.455029 0.182829 0.34863 0.351546 0.315205 0.19416 0.471703 0.178818 0.267093 0.359794 0.23083 0.160632 0
0.887359 0.26209 0.901182 0.791729 0.562156 0.665358 0.789128 0.950795 0.452525 0.236942 0.319862 0.108447 0.304622 0.273251 0.158276 0.301754 0.107727 0.28566 0.217651 0.0860252 0.896478 0.308102 0.890931 0.749312 0.540382 0.549534 0.515256 0.947079 0.418884 0.217172 0
0.402717 0.346973 0.405017 0.255016 0.572086 0.419668 0.443065 0.452932 0.438889 0.368155 0.193916 0.214551 0.184611 0.112268 0.18887 0.202992 0.125556 0.310475 0.149688 0.115288 0.472074 0.463486 0.456646 0.288488 0.640098 0.353164 0.44353 0.728866 0.319732 0.307359 0
0.438213 0.306392 0.449243 0.280636 0.487226 0.493283 0.45642 0.449901 0.412121 0.355518 0.0636611 0.123121 0.0804316 0.0397611 0.0968828 0.244525 0.0977778 0.229021 0.084398 0.110071 0.377801 0.348348 0.380945 0.207875 0.43142 0.430102 0.401438 0.595189 0.237532 0.336219 0
0.285342 0.423064 0.264114 0.162418 0.0891938 0 0.00373711 0.00920477 0.169192 0.0501264 0.0223067 0.172781 0.0162088 0.0140792 0.0579597 0 0.00402778 0.0350824 0.116058 0.00252202 0.215937 0.453092 0.188107 0.104109 0.0665654 0.00682054 0.00637141 0.0318179 0.143899 0.0222354 1
1 0.296246 1 0.999152 0.555836 0.405558 0.75 0.792744 0.29697 0.111415 1 0.246597 1 0.968995 0.398987 0.191276 0.161338 0.266528 0.56211 0.123717 0.717894 0.171908 0.687733 0.568669 0.284158 0.120606 0.255671 0.54811 0.0163611 0.00137742 0
0.384259 0.225905 0.38553 0.225239 0.563059 0.494816 0.266635 0.424155 0.475253 0.309815 0.115662 0.156427 0.096075 0.0617074 0.247918 0.297398 0.0809091 0.427733 0.220183 0.141268 0.291 0.168177 0.276358 0.141909 0.445288 0.253233 0.15655 0.489003 0.20205 0.149219 1
0.257419 0.18025 0.240619 0.141251 0.240408 0.0446292 0.024672 0.0550696 0.245455 0.159646 0.00137606 0.0694616 0 0.00411656 0.0527586 0.020113 0.0163965 0.0712635 0.131114 0.016065 0.187478 0.222548 0.166542 0.0880358 0.214819 0.0489663 0.0498642 0.139244 0.263355 0.0838908 1
0.518198 0.499493 0.49347 0.362842 0.324276 0.156095 0.133529 0.235785 0.241414 0.108256 0.112149 0.237093 0.0946143 0.0728579 0.126831 0.0708835 0.0409596 0.161432 0.0887601 0.0641216 0.462113 0.604211 0.421784 0.278903 0.398402 0.148742 0.166134 0.390378 0.185098 0.160304 0
0.283923 0.326006 0.281459 0.157158 0.389636 0.285627 0.166518 0.14662 0.35404 0.32519 0.056817 0.0455711 0.0804787 0.0258649 0.136452 0.227551 0.110934 0.18585 0.276186 0.127034 0.230879 0.264659 0.24304 0.110377 0.380572 0.289131 0.274681 0.338763 0.400355 0.240194 1
0.559847 0.347311 0.532859 0.406575 0.330414 0.121036 0.18791 0.290408 0.247475 0 0.0785081 0.103386 0.0756726 0.0559173 0.199137 0.0667528 0.0662374 0.277136 0.160663 0.0269822 0.427962 0.327292 0.391404 0.258258 0.350855 0.0860669 0.176518 0.444674 0.197516 0.0152827 0
0.309007 0.31045 0.306199 0.175864 0.480906 0.292375 0.201031 0.267445 0.376768 0.228096 0.0369727 0.214772 0.0356217 0.0233247 0.126763 0.130066 0.0834343 0.258951 0.0741262 0.0542062 0.244397 0.404584 0.233677 0.120429 0.473024 0.222866 0.274601 0.499313 0.217031 0.14312 1
0.362488 0.187014 0.359201 0.215652 0.546809 0.351267 0.233505 0.351093 0.533333 0.28433 0.144849 0.0833186 0.144042 0.0671612 0.129007 0.314447 0.11202 0.307445 0.230596 0.136328 0.299182 0.165778 0.29379 0.151986 0.373308 0.273219 0.207987 0.480069 0.312636 0.19474 1
0.461877 0.401759 0.458227 0.307953 0.392435 0.350347 0.315839 0.299105 0.422222 0.139006 0.126743 0.123652 0.106064 0.0716999 0.138117 0.170772 0.0933081 0.226369 0.281533 0.0611505 0.42974 0.453092 0.413815 0.256538 0.562174 0.345597 0.432029 0.623024 0.650108 0.205234 0
0.382365 0.342239 0.390505 0.238431 0.462851 0.416907 0.398313 0.438121 0.401515 0.271272 0.132283 0.133531 0.138953 0.0753421 0.256212 0.262099 0.122904 0.350635 0.0998762 0.0906892 0.366418 0.325426 0.364012 0.2064 0.55425 0.3813 0.415575 0.726804 0.250148 0.179063 0
0.596763 0.517078 0.579849 0.444327 0.456532 0.243329 0.387769 0.450447 0.304545 0.0831929 0.128879 0.224275 0.101729 0.0922267 0.346296 0.127963 0.123914 0.283955 0.119998 0.031508 0.480612 0.504797 0.445192 0.303726 0.539061 0.152526 0.317652 0.50378 0.143505 0.0385019 0
0.264045 0.316537 0.263492 0.145196 0.315699 0.258941 0.241331 0.218241 0.238889 0.250211 0.0900597 0.247039 0.115676 0.0386404 0.276711 0.301154 0.158359 0.372419 0.260427 0.114355 0.193525 0.277452 0.19229 0.0890189 0.253781 0.167758 0.190735 0.318385 0.1096 0.110455 1
0.325098 0.253635 0.308548 0.188844 0.317956 0.128765 0.0332709 0.0567097 0.279798 0.18829 0.0387471 0.109596 0.0347736 0.0207472 0.0981065 0.0519497 0.023048 0.0911915 0.0645579 0.0280878 0.268943 0.308102 0.248469 0.132889 0.294063 0.104501 0.0648163 0.175395 0.1575 0.110062 1
0.274457 0.229286 0.259692 0.15228 0.412386 0.101098 0.0855904 0.142346 0.267677 0.138374 0.0453739 0.113375 0.0336427 0.0215316 0.212428 0.0252351 0.0400253 0.164084 0.206253 0.0349283 0.196727 0.20629 0.175606 0.0908622 0.385855 0.0420293 0.0829872 0.202131 0.161246 0.0594254 1
0.240381 0.310788 0.227144 0.128017 0.281936 0.118275 0.0175961 0.0421869 0.25 0.221567 0.047619 0.174991 0.0377892 0.0209526 0.185845 0.0654009 0.0147273 0.104092 0.16798 0.0642253 0.203131 0.400853 0.179939 0.0927546 0.381232 0.104695 0.0359904 0.175017 0.259215 0.169159 1
0.395617 0.153872 0.405708 0.237922 0.493545 0.595424 0.486645 0.484891 0.737879 0.428812 0.118523 0.0772189 0.123781 0.071177 0.172553 0.383243 0.162778 0.426596 0.40578 0.120884 0.360726 0.188166 0.371981 0.195561 0.44793 0.551183 0.503594 0.822337 0.611472 0.291355 0
0.514411 0.11904 0.489323 0.359958 0.232464 0.13125 0.104147 0.207654 0.0808081 0.0520219 0.134673 0.151565 0.113368 0.0824583 0.0902879 0.0452279 0.0291162 0.140879 0.072297 0.014303 0.422981 0.170576 0.381941 0.251868 0.181272 0.0703108 0.0837061 0.286632 0.0429726 0.0240719 1
0.253632 0.177207 0.238408 0.138112 0.308658 0.0807619 0.0494142 0.102087 0.258081 0.149958 0.0984248 0.121022 0.086934 0.0436087 0.20359 0.0468576 0.0330051 0.195113 0.307002 0.0185524 0.186766 0.128731 0.167837 0.0855043 0.222083 0.0389537 0.0393051 0.164708 0.14449 0.0308278 1
0.603389 0.341901 0.60058 0.450689 0.483615 0.507699 0.566307 0.484095 0.339899 0.358256 0.237045 0.0927776 0.158225 0.160643 0.230105 0.362889 0.171717 0.373366 0.0955142 0.219865 0.617218 0.361674 0.544798 0.429562 0.659249 0.55128 0.678035 0.861512 0.233392 0.489702 0
0.13233 0.246195 0.129293 0.0622269 0.461045 0.198331 0.101546 0.0883698 0.264646 0.435762 0.105559 0.235104 0.0937662 0.0300113 0.412585 0.203293 0.0687374 0.193787 0.350763 0.129314 0.110993 0.251866 0.105932 0.0446815 0.498778 0.144764 0.103834 0.183299 0.190814 0.194412 1
0.572152 0.510653 0.583996 0.407423 0.344678 0.612294 0.493674 0.49508 0.631313 0.283698 0.314901 0.288587 0.380389 0.183224 0.164361 0.738637 0.24553 0.499716 0.6395 0.233235 0.574884 0.563699 0.632452 0.360254 0.353497 0.695744 0.578435 0.856701 0.612064 0.319822 0
0.381419 0.237741 0.379656 0.231559 0.41708 0.358935 0.180904 0.305268 0.307071 0.394482 0.0943328 0.106546 0.0728926 0.0523685 0.0819254 0.119701 0.050404 0.190188 0.0375415 0.0809121 0.314123 0.224147 0.295284 0.165086 0.279535 0.18464 0.148243 0.349828 0.120639 0.199725 1
0.298121 0.13561 0.290236 0.16895 0.279859 0.203576 0.118955 0.142346 0.281313 0.125948 0.0260004 0.0377033 0.0393441 0.0157976 0.0869565 0.138778 0.0714141 0.160409 0.0946699 0.059354 0.224475 0.142591 0.229992 0.107771 0.300007 0.234023 0.228914 0.315223 0.23083 0.119113 1
0.307113 0.147109 0.300809 0.170859 0.49174 0.294829 0.135567 0.26173 0.363131 0.34604 0.0171284 0.047096 0.0162559 0.0112776 0.0930414 0.0921381 0.0336869 0.166528 0.128018 0.0653653 0.245464 0.16791 0.221774 0.116742 0.449911 0.215977 0.147604 0.458763 0.327617 0.250689 1
0.196365 0.233683 0.184369 0.100785 0.26072 0.0581559 0.0320759 0.0680915 0.227778 0.242629 0.0108637 0.134127 0.00994204 0.00542027 0.141755 0.0301244 0.0237323 0.117238 0.171779 0.0512006 0.133404 0.220416 0.119229 0.0579778 0.210196 0.0338602 0.0365815 0.138969 0.161246 0.103568 1
0.401297 0.0737234 0.405708 0.251707 0.659655 0.41752 0.476101 0.545229 0.457576 0.436605 0.112041 0.0658814 0.0964991 0.0706727 0.125098 0.157404 0.108662 0.250047 0.141245 0.113077 0.386339 0.133795 0.371483 0.225324 0.541042 0.321148 0.465655 0.627835 0.325448 0.301456 0
0.214823 0.305715 0.204201 0.112619 0.384671 0.108429 0.071134 0.113221 0.434343 0.19187 0.0772768 0.132359 0.0671913 0.031132 0.22487 0.0485925 0.0340657 0.164236 0.341898 0.0515115 0.174671 0.278518 0.156382 0.078893 0.354817 0.058125 0.072492 0.217045 0.343189 0.100485 1
0.255999 0.262766 0.254647 0.135483 0.465559 0.338384 0.138051 0.143141 0.363131 0.335299 0.0540648 0.113331 0.0640814 0.0231566 0.170038 0.261348 0.120126 0.199091 0.147718 0.20691 0.222341 0.296109 0.223218 0.102069 0.472363 0.322118 0.25607 0.336907 0.247191 0.372294 1
0.0975437 0.310788 0.112501 0.042842 0.424754 0.545427 0.462746 0.243936 0.641414 0.789174 0.128119 0.342733 0.141922 0.0324955 0.276439 0.478024 0.259343 0.478689 0.380312 0.241216 0.0757738 0.303305 0.0906918 0.027502 0.336327 0.337156 0.368131 0.393471 0.309482 0.330972 1
0.279663 0.20257 0.278419 0.158261 0.230658 0.234403 0.261246 0.168489 0.187879 0.197767 0.0651095 0.227369 0.0749187 0.0307958 0.159942 0.280575 0.200177 0.336048 0.153346 0.0967697 0.21238 0.204424 0.207729 0.100865 0.185498 0.19832 0.267093 0.349485 0.085551 0.106454 1
0.270671 0.0831924 0.256306 0.149099 0.317956 0.118275 0.0552952 0.119384 0.264141 0.269377 0.0412095 0.0630967 0.0362814 0.0197386 0.150185 0.0779433 0.0229167 0.15592 0.130129 0.121575 0.203486 0.130597 0.187808 0.0938114 0.397742 0.129435 0.0749601 0.282612 0.238518 0.25974 1
0.27351 0.123774 0.266049 0.152959 0.318769 0.184345 0.0949391 0.12664 0.273232 0.240944 0.0778562 0.0661245 0.0748716 0.0343259 0.162525 0.190975 0.0792172 0.2025 0.132662 0.120815 0.222697 0.116738 0.207331 0.106567 0.318497 0.187744 0.141294 0.289038 0.196925 0.18031 1
0.292915 0.287792 0.279801 0.167041 0.198881 0.12441 0.113847 0.142644 0.19899 0.11647 0.0328807 0.0717822 0.0225698 0.0188421 0.144678 0.0952174 0.0394949 0.160314 0.0428885 0.026844 0.247954 0.316365 0.222571 0.123476 0.37661 0.164168 0.14984 0.359107 0.132072 0.0932048 1
0.273984 0.431518 0.26211 0.153892 0.342331 0.117263 0.11038 0.134394 0.265152 0.225147 0.0453377 0.22538 0.0329831 0.024408 0.196689 0.073362 0.0588889 0.168971 0.120842 0.0599067 0.233369 0.56903 0.207331 0.11512 0.467081 0.121285 0.173882 0.320653 0.249162 0.16811 0
0.15519 0.0848833 0.151752 0.0755461 0.427282 0.171891 0.0450562 0.0978131 0.373737 0.331298 0.0288249 0.0414383 0.0278471 0.00948453 0.134922 0.085604 0.0214545 0.131256 0.161789 0.0509933 0.122732 0.0967484 0.113651 0.0514402 0.416892 0.133607 0.0688099 0.230103 0.270451 0.145481 1
0.284869 0.374366 0.27448 0.159449 0.549517 0.173333 0.073477 0.131461 0.747475 0.229781 0.111787 0.212562 0.0997031 0.0522564 0.180304 0.0688557 0.0492172 0.218413 0.304328 0.0220418 0.221629 0.322228 0.201255 0.106051 0.386515 0.0807308 0.0647923 0.216357 0.321506 0.0610652 1
0.450518 0.290159 0.43404 0.294634 0.399296 0.200294 0.137348 0.240308 0.219697 0.125737 0.0823466 0.238419 0.0747774 0.0500151 0.188462 0.11865 0.0462626 0.195681 0.127455 0.0382104 0.36286 0.357942 0.332636 0.202468 0.41359 0.136421 0.132827 0.313505 0.163414 0.0632953 1
0.193052 0.250592 0.189759 0.0945917 0.602781 0.269063 0.0951968 0.212127 0.451515 0.627633 0.0240449 0.148029 0.0264336 0.010269 0.370772 0.159432 0.0454545 0.243417 0.201469 0.256279 0.13376 0.232409 0.127845 0.0555201 0.627551 0.170572 0.100319 0.326942 0.239503 0.40509 1
0.323678 0.499831 0.335429 0.191898 0.573892 0.456168 0.317948 0.335934 0.613636 0.471988 0.131668 0.258089 0.104462 0.0602318 0.27083 0.272689 0.0877778 0.306119 0.231581 0.210745 0.287442 0.557569 0.276856 0.148152 0.71472 0.358306 0.270048 0.52268 0.411197 0.414929 0
0.204411 0.286777 0.208279 0.104305 0.39081 0.346973 0.362699 0.141849 0.50202 0.562974 0.0475466 0.283283 0.0759553 0.0179082 0.16827 0.427254 0.224242 0.248911 0.169809 0.268786 0.165422 0.42484 0.183027 0.0707088 0.419534 0.443879 0.59393 0.418557 0.343584 0.489702 1
0.768091 0.5837 0.758137 0.647508 0.383317 0.456475 0.456888 0.614811 0.428788 0.276537 0.342749 0.133332 0.3058 0.278294 0.160281 0.19811 0.113561 0.325062 0.112822 0.0745552 0.82106 0.599414 0.774889 0.678038 0.508024 0.37383 0.464856 0.891065 0.303174 0.20812 0
0.502579 0.460602 0.519729 0.355037 0.363456 0.555242 0.500469 0.498012 0.321212 0.499789 0.295999 0.244165 0.237667 0.183224 0.171771 0.510695 0.166439 0.437772 0.1245 0.359475 0.485237 0.449094 0.464117 0.307658 0.327082 0.437766 0.41254 0.685911 0.145082 0.441821 0
0.282976 0.290159 0.27911 0.161909 0.188499 0.182842 0.0950562 0.0935885 0.411111 0.190185 0.0449756 0.207479 0.0772747 0.025043 0.0651324 0.261949 0.0871717 0.201743 0.259442 0.0970807 0.220562 0.335554 0.228597 0.107329 0.146074 0.198417 0.128115 0.227079 0.323674 0.114325 1
0.226182 0.285086 0.215673 0.121994 0.424754 0.121956 0.06291 0.174702 0.282323 0.271904 0.193192 0.385608 0.159308 0.0790216 0.131999 0.0585664 0.0321212 0.271263 0.110711 0.0643634 0.19317 0.303038 0.172768 0.0905427 0.280856 0.0508873 0.0488818 0.246048 0.0814114 0.0925489 0
0.496427 0.506256 0.499689 0.356776 0.471879 0.432243 0.505858 0.51839 0.241414 0.288332 0.353612 0.23201 0.310041 0.215724 0.151647 0.256016 0.117273 0.297215 0.0502054 0.145966 0.541089 0.541311 0.522387 0.362466 0.438685 0.345112 0.390575 0.591409 0.117288 0.248983 0
0.408396 0.327021 0.388432 0.260912 0.232644 0.112815 0.0986176 0.141501 0.24596 0.0941449 0.042839 0.141133 0.0366112 0.0287226 0.0378353 0.051469 0.0331061 0.098011 0.0316317 0.0155467 0.355034 0.523721 0.326162 0.197454 0.245856 0.148839 0.180511 0.294433 0.220382 0.0869081 0
0.273037 0.236388 0.26757 0.14859 0.540489 0.283173 0.0909091 0.148857 0.535354 0.342671 0.098461 0.142062 0.0818923 0.040751 0.197029 0.100324 0.0499242 0.174256 0.143074 0.094455 0.231946 0.259062 0.21525 0.10787 0.504061 0.165527 0.113658 0.27646 0.296866 0.200249 1
0.075252 0.114643 0.0742174 0.0330011 0.460143 0.174652 0.0600984 0.0750497 0.312121 0.44861 0.00550425 0.0705225 0.014701 0.000844232 0.210219 0.11542 0.0454798 0.138663 0.113103 0.104681 0.0548915 0.171375 0.0641964 0.0222179 0.613683 0.190364 0.140096 0.292509 0.279519 0.327037 1
0.259312 0.105512 0.242139 0.141591 0.190395 0.0645666 0.0168065 0.0571074 0.279293 0.214195 0.0782546 0.248807 0.0636574 0.0332426 0.294966 0.0584162 0.016202 0.149555 0.29279 0.135637 0.187122 0.115672 0.163504 0.0857255 0.153338 0.0363633 0.0133706 0.0920962 0.140942 0.0999607 1
0.240854 0.126141 0.235229 0.127975 0.51792 0.216889 0.0885895 0.139066 0.301515 0.339511 0.0506247 0.0317804 0.0450926 0.0219239 0.190842 0.0696819 0.045404 0.151279 0.165166 0.0462601 0.196371 0.0999467 0.181832 0.0896333 0.534438 0.131861 0.129553 0.254055 0.2397 0.167126 1
0.237541 0.62631 0.227904 0.126829 0.28654 0.138396 0.0950094 0.09667 0.280303 0.233361 0.0288611 0.297207 0.0357631 0.0131827 0.19108 0.177532 0.0742677 0.173631 0.134632 0.117706 0.183565 0.689232 0.172618 0.0831941 0.327742 0.153593 0.144649 0.244536 0.173862 0.17644 1
0.297648 0.170781 0.28298 0.17315 0.18886 0.0956076 0.0764058 0.13161 0.164647 0.0678181 0.106536 0.175212 0.0915987 0.0551888 0.0940953 0.0610449 0.0342929 0.204963 0.0395115 0.0186561 0.299893 0.27532 0.269386 0.158622 0.194347 0.0936345 0.107827 0.343986 0.0910704 0.0460449 1
0.308533 0.101454 0.289545 0.1793 0.190756 0.0514079 0.00646204 0.0219632 0.15404 0.0713985 0.0408836 0.0720916 0.0354333 0.0253792 0.0552402 0.0112206 0.00512626 0.0614131 0.0973434 0.0231819 0.250445 0.13113 0.224463 0.126204 0.125867 0.0301443 0.0110144 0.075945 0.13838 0.0451266 1
0.601022 0.404802 0.595052 0.445599 0.409317 0.351267 0.436504 0.548211 0.516162 0.151432 0.185081 0.425168 0.208076 0.113669 0.103444 0.236038 0.109722 0.34211 0.4176 0.082674 0.527215 0.603411 0.533841 0.332973 0.334346 0.30902 0.378115 0.774914 0.488863 0.158337 0
0.522931 0.241461 0.509364 0.359067 0.332581 0.318447 0.255389 0.310835 0.333333 0.165122 0.067753 0.0509194 0.0548462 0.0541055 0.0817215 0.100249 0.0751263 0.184751 0.071312 0.0532389 0.442903 0.266525 0.412819 0.272021 0.364063 0.23218 0.342652 0.527491 0.251725 0.178473 0
0.58777 0.466351 0.589524 0.429056 0.452018 0.418441 0.480084 0.44165 0.463636 0.211457 0.149484 0.318644 0.154549 0.100127 0.302444 0.227326 0.0988636 0.295321 0.196685 0.10551 0.488083 0.493337 0.470591 0.302743 0.496137 0.26148 0.276198 0.537457 0.2671 0.138397 0
0.130153 0.190396 0.138138 0.0664687 0.492642 0.431016 0.962512 0.390507 0.751515 0.905645 0.258193 0.50915 0.156246 0.0804037 0.314682 0.703037 1 1 0.388051 1 0.109925 0.199094 0.102744 0.0479994 0.383213 0.242464 0.65623 0.539863 0.304159 0.464778 1
0.523877 0.217788 0.528022 0.365854 0.486323 0.598798 0.394564 0.536779 0.551515 0.353201 0.31472 0.0420571 0.261697 0.239071 0.21168 0.421621 0.117626 0.39212 0.253673 0.212783 0.514408 0.183635 0.496489 0.350177 0.506042 0.520137 0.302396 0.722337 0.430909 0.365735 0
0.176487 0.361177 0.177666 0.0854295 0.50167 0.33593 0.197938 0.142495 0.307071 0.393008 0.07543 0.24947 0.0694058 0.026033 0.244383 0.342461 0.185328 0.330555 0.27295 0.231992 0.13376 0.351546 0.129987 0.055348 0.411609 0.220925 0.202396 0.295533 0.205007 0.209694 1
0.251739 0.209334 0.242139 0.135822 0.254311 0.163027 0.0900656 0.0822068 0.306566 0.100674 0.0458809 0.105043 0.0438204 0.021513 0.145596 0.149217 0.0534596 0.12186 0.174031 0.0286751 0.192814 0.201759 0.180487 0.0888468 0.253781 0.133607 0.113658 0.165464 0.180761 0.052604 1
0.577358 0.432195 0.578467 0.426087 0.294304 0.378566 0.261012 0.336581 0.357071 0.112258 0.1174 0.157532 0.144937 0.0885659 0.129551 0.260823 0.0683333 0.231294 0.0881972 0.0864398 0.548915 0.534115 0.577668 0.369347 0.403025 0.516935 0.308706 0.586942 0.320915 0.243802 0
0.319419 0.436253 0.344206 0.184433 0.545906 0.643887 0.498594 0.398857 0.509596 0.565712 0.0364295 0.178748 0.0614428 0.0231753 0.160315 0.428906 0.138914 0.308392 0.165025 0.248679 0.252579 0.532782 0.290801 0.125959 0.620287 0.723006 0.554553 0.758763 0.400355 0.577594 0
0.231388 0.400068 0.228319 0.122375 0.121874 0.266916 0.205647 0.118588 0.14596 0.340354 0.0523266 0.263835 0.0564482 0.0250991 0.174763 0.438444 0.168258 0.294185 0.220324 0.277423 0.172892 0.430704 0.164849 0.0791388 0.154527 0.303296 0.257029 0.300687 0.14587 0.291749 1
0.210564 0.257017 0.206413 0.107953 0.510698 0.23152 0.0475867 0.092495 0.295455 0.329823 0.0625747 0.34207 0.0556001 0.0272283 0.168304 0.113393 0.0292424 0.180337 0.210193 0.0908965 0.172536 0.392857 0.160616 0.0781066 0.463118 0.147384 0.0615655 0.22 0.200867 0.170012 1
0.21009 0.360839 0.233501 0.102906 0.811321 0.811361 0.565604 0.522863 0.776263 1 0.139091 0.175875 0.126655 0.0381548 0.251453 0.543215 0.142955 0.353665 0.728148 0.2872 0.24831 0.385927 0.241347 0.0940081 0.915473 0.814012 0.548642 0.88488 1 0.773711 0
0.130673 0.318228 0.125354 0.0620149 0.495351 0.196154 0.0209325 0.0977634 0.746465 0.42818 0.211841 0.306489 0.181407 0.0685808 0.386069 0.124658 0.0152045 0.19928 0.325294 0.115046 0.116684 0.297175 0.106479 0.0480977 0.453213 0.104695 0.0166534 0.157698 0.321506 0.164305 1
0.15093 0.174839 0.143459 0.0714316 0.548614 0.187811 0.0253983 0.0641153 0.85 0.413648 0.146406 0.238861 0.120388 0.0519576 0.197199 0.0656262 0.0193561 0.1552 0.477683 0.174745 0.109925 0.144723 0.0968674 0.0450747 0.371987 0.0692435 0.0173163 0.0886254 0.392667 0.165027 1
0.531923 0.309773 0.517656 0.374761 0.404713 0.283173 0.264761 0.395129 0.377273 0.140691 0.105957 0.0420129 0.0843425 0.0786294 0.105653 0.107685 0.0608081 0.216518 0.0684978 0.0537571 0.494842 0.345949 0.45067 0.319455 0.476986 0.241591 0.307748 0.610309 0.245811 0.176702 0
0.385678 0.679743 0.365697 0.244327 0.275977 0.0818048 0.109794 0.136133 0.4 0.0627633 0.129133 0.279968 0.107713 0.0720548 0.173981 0.0902605 0.0628535 0.172135 0.33247 0.0295388 0.33191 0.66338 0.297276 0.183396 0.28812 0.0692435 0.123562 0.225945 0.3288 0.0433557 0
0.62374 0.33649 0.603345 0.479533 0.248894 0.203239 0.270619 0.383996 0.438384 0.0210615 0.174181 0.0720695 0.146586 0.127098 0.0959649 0.0864301 0.0667929 0.236219 0.19767 0.0239765 0.538243 0.293443 0.496987 0.361728 0.226045 0.122644 0.208147 0.489691 0.293712 0.0281386 0
0.30664 0.305715 0.301638 0.172895 0.495351 0.289614 0.0984302 0.15666 0.334848 0.278222 0.0319754 0.0544997 0.0323234 0.0173105 0.0917837 0.0914621 0.0381061 0.139591 0.0796139 0.0308171 0.263963 0.350213 0.256437 0.13139 0.602457 0.276615 0.211981 0.490378 0.384979 0.207333 1
0.416442 0.446398 0.427821 0.271092 0.567573 0.477946 0.499766 0.471123 0.523232 0.491786 0.159515 0.157311 0.133864 0.0968028 0.237482 0.281702 0.150253 0.263307 0.099454 0.175816 0.436144 0.492537 0.397878 0.267106 0.755002 0.451349 0.58754 0.698969 0.336882 0.460186 0
