0.668229 0.365573 0.651717 0.526193 0.399115 0.300963 0.368322 0.574056 0.249495 0.140059 0.200181 0.221181 0.178344 0.140247 0.127613 0.138928 0.0804293 0.277704 0.033883 0.0452582 0.631448 0.534382 0.586633 0.451435 0.433402 0.274384 0.351358 0.783505 0.138577 0.126 0
0.30522 0.335475 0.290581 0.178961 0.341699 0.133427 0.137254 0.170875 0.271717 0.142165 0.129712 0.173886 0.112378 0.0683566 0.145834 0.0629225 0.0543182 0.178879 0.102972 0.0336155 0.357524 0.475746 0.329648 0.198683 0.455194 0.123517 0.211182 0.398625 0.260004 0.122458 0
0.263098 0.282719 0.246217 0.147784 0.196172 0.0218392 0.00279756 0.0270825 0.236364 0.0398062 0.0867644 0.130945 0.0740706 0.0401533 0.138355 0.018333 0.00200253 0.0685168 0.176563 0.00563137 0.205977 0.238806 0.181334 0.098432 0.143697 0.0155039 0.00286022 0.0561856 0.131678 0.00111507 1
0.0897818 0.195468 0.0894893 0.0413574 0.27354 0.176676 0.110614 0.11834 0.439394 0.342249 0.154481 0.185599 0.165858 0.0436647 0.313322 0.200814 0.0811616 0.285281 0.288287 0.113284 0.0729634 0.151386 0.0740077 0.0287063 0.200291 0.0946047 0.0754074 0.163643 0.171299 0.126394 1
0.389938 0.707136 0.411927 0.243224 0.470976 0.580701 0.59747 0.468638 0.539394 0.454086 0.0538475 0.186704 0.0756255 0.0296004 0.0989904 0.346892 0.185833 0.304603 0.18979 0.181275 0.34116 0.820096 0.38991 0.179365 0.46576 0.741634 0.934505 0.809622 0.497536 0.563164 0
0.249373 0.430504 0.237648 0.13701 0.264422 0.100055 0.0401593 0.062674 0.244444 0.206403 0.0407025 0.172118 0.0386373 0.02099 0.115002 0.0735873 0.0237626 0.0862095 0.115354 0.0519606 0.221985 0.532249 0.210817 0.107575 0.35944 0.148548 0.0982428 0.217698 0.302582 0.17703 1
0.169861 0.355428 0.182157 0.0826299 0.343956 0.449727 0.534208 0.295278 0.569697 0.727464 0 0.19245 0.0756726 0.00079567 0.230683 0.557109 0.387626 0.552946 0.116621 0.390568 0.103878 0.287846 0.129987 0.0409703 0.284818 0.32464 0.481629 0.503436 0.20343 0.426079 1
0.288655 0.202908 0.28913 0.159703 0.495351 0.330102 0.107029 0.154573 0.458081 0.382266 0.0266884 0.0856391 0.0294963 0.0146956 0.0810416 0.125635 0.0428788 0.12294 0.125204 0.0528589 0.233725 0.225746 0.227501 0.109443 0.396421 0.242852 0.150958 0.250275 0.319141 0.175718 1
0.278716 0.332432 0.268675 0.155122 0.349643 0.182351 0.042104 0.103877 0.404546 0.284541 0.0923411 0.0904128 0.0866984 0.0367913 0.142673 0.0853787 0.0178434 0.123167 0.201891 0.0512351 0.231946 0.329424 0.22277 0.108558 0.331704 0.133801 0.0569249 0.219381 0.344569 0.146333 1
0.188793 0.253297 0.193076 0.0967126 0.329692 0.281946 0.221579 0.179573 0.216667 0.346251 0.0528336 0.224496 0.0965462 0.0211954 0.232927 0.331421 0.162374 0.334912 0.102409 0.140992 0.157595 0.395789 0.197868 0.071569 0.44859 0.369561 0.381709 0.534364 0.192194 0.2642 1
0.457617 0.394657 0.457536 0.322842 0.536878 0.387461 0.35731 0.455765 0.472222 0.28096 0.251783 0.119674 0.221364 0.178929 0.147364 0.124433 0.0692172 0.214056 0.0956549 0.065849 0.659196 0.520789 0.63046 0.498869 0.721984 0.320662 0.375 0.719931 0.403706 0.266299 0
0.223816 0.194116 0.21588 0.117413 0.563059 0.163886 0.0938613 0.161531 0.479293 0.318029 0.0844106 0.0838269 0.0752957 0.0331118 0.265935 0.065476 0.0416919 0.212351 0.163899 0.076179 0.182497 0.163646 0.168086 0.0813999 0.494156 0.081701 0.0868211 0.270241 0.236546 0.15099 1
0.30806 0.425769 0.297975 0.177094 0.314977 0.176676 0.111317 0.168191 0.378283 0.152064 0.0442875 0.219413 0.0460821 0.0250244 0.0932114 0.0868808 0.052904 0.224285 0.119998 0.0366557 0.256848 0.527719 0.241994 0.126229 0.297365 0.139525 0.182268 0.44055 0.257441 0.09268 1
0.258839 0.20257 0.267984 0.141506 0.678613 0.461996 0.369728 0.402038 0.518687 0.55118 0.0807532 0.117132 0.0687933 0.0380801 0.197063 0.234311 0.0927273 0.215382 0.19373 0.144654 0.268232 0.312633 0.263908 0.136748 0.712739 0.482784 0.427716 0.598282 0.477035 0.454939 0
0.291495 0.373013 0.291549 0.166872 0.308026 0.274584 0.254217 0.174453 0.253535 0.21567 0.0737643 0.094634 0.0732696 0.0384723 0.189754 0.221843 0.11654 0.237545 0.108741 0.0806702 0.244397 0.358209 0.251457 0.123845 0.422175 0.317849 0.359744 0.405842 0.196728 0.175128 1
0.317999 0.268177 0.303849 0.181379 0.423129 0.184621 0.10656 0.157058 0.339394 0.229992 0.0476553 0.129508 0.0380248 0.0258462 0.0520787 0.044567 0.0428788 0.174901 0.0699049 0.0217309 0.250089 0.30677 0.225957 0.123206 0.321799 0.104113 0.139137 0.311924 0.187857 0.0955005 1
0.308533 0.101454 0.289545 0.1793 0.190756 0.0514079 0.00646204 0.0219632 0.15404 0.0713985 0.0408836 0.0720916 0.0354333 0.0253792 0.0552402 0.0112206 0.00512626 0.0614131 0.0973434 0.0231819 0.250445 0.13113 0.224463 0.126204 0.125867 0.0301443 0.0110144 0.075945 0.13838 0.0451266 1
0.427801 0.457558 0.40709 0.27754 0.265686 0.145114 0.0772962 0.165159 0.236364 0.147641 0.0970487 0.182726 0.0805258 0.0629588 0.07873 0.0527008 0.027803 0.143796 0.0945292 0.0741752 0.400569 0.582623 0.365506 0.237122 0.309912 0.124002 0.116534 0.342783 0.27262 0.193362 0
0.364381 0.352384 0.352083 0.22948 0.415636 0.161401 0.173266 0.261382 0.265657 0.19503 0.130798 0.19444 0.114875 0.0720922 0.136146 0.0703578 0.0504545 0.210078 0.0874937 0.0411125 0.3963 0.502665 0.363514 0.234172 0.496797 0.155048 0.232748 0.552921 0.288587 0.177883 0
0.477022 0.381806 0.469974 0.32878 0.535073 0.264462 0.353327 0.493738 0.336869 0.226411 0.255151 0.390912 0.250624 0.150109 0.161199 0.118049 0.113687 0.330366 0.146451 0.098048 0.464603 0.563166 0.462125 0.289225 0.486892 0.172706 0.313099 0.627835 0.208555 0.137413 0
0.388518 0.118363 0.372193 0.24106 0.243748 0.153242 0.0794986 0.132058 0.333838 0.115417 0.0241897 0.0115585 0.027376 0.0203923 0.112146 0.0946165 0.0391667 0.173423 0.120842 0.0301261 0.294201 0.0988806 0.269386 0.155795 0.273592 0.142048 0.108786 0.281031 0.181746 0.0827758 1
0.173648 0.524518 0.167369 0.0863203 0.396678 0.162444 0.0557404 0.0802684 0.422727 0.28075 0.0500453 0.250354 0.0348678 0.0183751 0.186151 0.0608195 0.027298 0.118299 0.192745 0.0595612 0.153682 0.617537 0.137308 0.0664815 0.51991 0.109158 0.0898562 0.210859 0.363493 0.173357 1
0.297648 0.24721 0.281667 0.170901 0.287262 0.0937366 0.0832708 0.122068 0.220202 0.142797 0.0656165 0.117243 0.0606418 0.033392 0.14682 0.0660017 0.0570455 0.171567 0.0976248 0.0553118 0.256492 0.308635 0.241197 0.128687 0.372647 0.100717 0.142652 0.332577 0.185492 0.138987 1
0.225235 0.145756 0.210421 0.120382 0.230207 0.0736765 0.0526007 0.137326 0.525758 0.235257 0.1631 0.200628 0.139471 0.0579532 0.214876 0.091387 0.0382323 0.349687 0.300107 0.0383486 0.191391 0.166311 0.170775 0.0856518 0.214158 0.0559905 0.0537939 0.28488 0.302779 0.0776597 1
0.34403 0.420697 0.363693 0.213022 0.471879 0.556469 0.500234 0.43007 0.44899 0.483572 0.214412 0.200628 0.2175 0.100818 0.261549 0.513023 0.174217 0.350066 0.1283 0.180273 0.346496 0.466151 0.342099 0.190302 0.613023 0.57961 0.552875 0.613402 0.252119 0.381477 0
0.559847 0.347311 0.532859 0.406575 0.330414 0.121036 0.18791 0.290408 0.247475 0 0.0785081 0.103386 0.0756726 0.0559173 0.199137 0.0667528 0.0662374 0.277136 0.160663 0.0269822 0.427962 0.327292 0.391404 0.258258 0.350855 0.0860669 0.176518 0.444674 0.197516 0.0152827 0
0.357755 0.602976 0.365835 0.218579 0.553128 0.42979 0.384021 0.366004 0.627778 0.43829 0.0936086 0.148692 0.0999859 0.0480913 0.132372 0.301529 0.119722 0.206478 0.150391 0.15792 0.339025 0.669243 0.367 0.186296 0.638117 0.611627 0.561182 0.588316 0.522965 0.518562 0
0.294808 0.525533 0.278557 0.167296 0.318498 0.100209 0.0649485 0.102783 0.282323 0.123842 0.0350896 0.21875 0.0262451 0.0201308 0.137845 0.0437859 0.0381313 0.122201 0.0786289 0.0322335 0.228388 0.591951 0.203596 0.110032 0.381232 0.0766559 0.111022 0.206357 0.17327 0.0842188 1
0.291968 0.190396 0.286919 0.16772 0.372032 0.201215 0.217737 0.173111 0.384849 0.255055 0.0577585 0.0955843 0.0500401 0.0298619 0.233572 0.134572 0.0769444 0.18064 0.278719 0.0892728 0.24333 0.226013 0.23537 0.120945 0.506042 0.192401 0.240335 0.334089 0.450227 0.205234 1
0.576412 0.571187 0.569484 0.421845 0.445698 0.386234 0.450094 0.480318 0.425253 0.257793 0.189969 0.14162 0.167931 0.117386 0.193052 0.167017 0.100707 0.244933 0.0910114 0.0881327 0.561722 0.636461 0.544798 0.378195 0.706795 0.346179 0.459585 0.643299 0.333728 0.276532 0
0.181693 0.490362 0.17345 0.0925133 0.264422 0.143059 0.0362699 0.0405567 0.462626 0.280539 0.147782 0.34428 0.132262 0.0489318 0.22266 0.123532 0.0322475 0.112086 0.236084 0.0719295 0.18143 0.517857 0.166791 0.0787456 0.325101 0.131958 0.0494728 0.112165 0.2945 0.139184 1
0.193052 0.173148 0.183263 0.0995546 0.223707 0.0868045 0.0635426 0.0360139 0.239899 0.256529 0.026797 0.0724673 0.0238421 0.0115391 0.0865486 0.0934148 0.0489899 0.0789543 0.0566781 0.0912766 0.168979 0.222015 0.151302 0.0765582 0.26963 0.155825 0.166054 0.190928 0.20205 0.239669 1
0.259785 0.257017 0.253334 0.142778 0.330866 0.174591 0.0845595 0.117744 0.235354 0.221146 0.0151005 0.0929986 0.0233709 0.00954057 0.0708094 0.0860546 0.0339899 0.134419 0.105223 0.0223182 0.218072 0.328358 0.211216 0.103741 0.372647 0.216656 0.161981 0.361856 0.289769 0.14148 1
0.202045 0.171458 0.190657 0.10456 0.274713 0.0772959 0.0022821 0.0146173 0.360101 0.228517 0.0372624 0.140537 0.0363756 0.0154427 0.132712 0.0365909 0.0024596 0.0557113 0.1283 0.0392123 0.171825 0.267591 0.157727 0.0755751 0.300007 0.068545 0.00440735 0.0572852 0.246403 0.125541 1
0.207251 0.26581 0.198328 0.108717 0.324546 0.103521 0.0652062 0.104374 0.273232 0.193134 0.029006 0.264056 0.0283655 0.0128092 0.12503 0.0577928 0.0293687 0.111233 0.0777847 0.0263949 0.182142 0.647655 0.172618 0.0826042 0.489533 0.13089 0.144649 0.2989 0.277548 0.146989 1
0.246533 0.121069 0.243867 0.132471 0.487226 0.232225 0.0668932 0.143241 0.414141 0.310657 0.0322289 0.1008 0.0572963 0.0157602 0.172009 0.167543 0.0257071 0.153324 0.263663 0.112213 0.192458 0.154318 0.204044 0.0884782 0.472363 0.224321 0.0791933 0.28134 0.37532 0.245113 1
0.395617 0.153872 0.405708 0.237922 0.493545 0.595424 0.486645 0.484891 0.737879 0.428812 0.118523 0.0772189 0.123781 0.071177 0.172553 0.383243 0.162778 0.426596 0.40578 0.120884 0.360726 0.188166 0.371981 0.195561 0.44793 0.551183 0.503594 0.822337 0.611472 0.291355 0
0.271617 0.137639 0.262525 0.147869 0.397581 0.197994 0.0301781 0.0956262 0.291919 0.232519 0.0250588 0.0735723 0.0274702 0.0122862 0.147908 0.0717097 0.0165758 0.151127 0.0824281 0.0171705 0.19815 0.145522 0.1899 0.0905672 0.387176 0.116337 0.0417971 0.217972 0.158486 0.093008 1
0.50116 0.180588 0.492088 0.344263 0.413831 0.295442 0.231373 0.395278 0.342929 0.242839 0.177005 0.10217 0.183669 0.101416 0.133052 0.210878 0.0860354 0.256488 0.159959 0.098359 0.42974 0.199893 0.420788 0.256046 0.35878 0.246345 0.198802 0.500344 0.234772 0.158402 0
0.145251 0.264457 0.142492 0.070965 0.433962 0.165266 0.0588332 0.0882207 0.419192 0.281171 0.0544632 0.365718 0.0481082 0.0187673 0.207023 0.0919128 0.0426768 0.152358 0.184584 0.0650544 0.114906 0.394989 0.107426 0.0488596 0.455854 0.109546 0.0842652 0.223333 0.261975 0.141677 1
0.632259 0.399053 0.636514 0.475292 0.581114 0.515674 0.600984 0.747515 0.762121 0.352569 0.166105 0.146482 0.153371 0.116284 0.128225 0.165665 0.0805556 0.259329 0.278578 0.0846433 0.61793 0.528785 0.601076 0.43079 0.581325 0.409339 0.426837 0.92268 0.787108 0.310639 0
0.312793 0.410213 0.299703 0.177094 0.243116 0.193884 0.0954077 0.106461 0.290404 0.181761 0.0820206 0.343838 0.0864157 0.0372769 0.126559 0.163788 0.0782576 0.187895 0.174734 0.0730351 0.244397 0.480277 0.235321 0.117062 0.193687 0.141369 0.116054 0.21268 0.173664 0.0996983 1
0.250319 0.685154 0.232396 0.136543 0.219915 0.0447825 0 0 0.323737 0.203033 0.120949 0.726397 0.100221 0.0529102 0.19125 0.044995 0 0 0.331063 0.0774227 0.196371 0.693763 0.172668 0.0918453 0.152216 0.0240999 0 0 0.166371 0.0812672 1
0.130673 0.318228 0.125354 0.0620149 0.495351 0.196154 0.0209325 0.0977634 0.746465 0.42818 0.211841 0.306489 0.181407 0.0685808 0.386069 0.124658 0.0152045 0.19928 0.325294 0.115046 0.116684 0.297175 0.106479 0.0480977 0.453213 0.104695 0.0166534 0.157698 0.321506 0.164305 1
0.266884 0.251606 0.254509 0.148208 0.29972 0.10711 0.0694939 0.112922 0.373232 0.174811 0.0208944 0.0678925 0.0169156 0.0121741 0.0739368 0.0472181 0.0317172 0.130479 0.115354 0.0256694 0.228033 0.269989 0.205239 0.11018 0.338969 0.120703 0.150719 0.338522 0.336093 0.119769 1
0.636992 0.408184 0.622003 0.487593 0.350907 0.287467 0.229592 0.386928 0.281818 0.118155 0.168966 0.123011 0.163078 0.122597 0.152803 0.126235 0.0599747 0.276757 0.0924185 0.0349283 0.582711 0.382463 0.551771 0.391958 0.406326 0.204044 0.215815 0.606529 0.205795 0.0807425 0
0.150457 0.334122 0.144703 0.0713468 0.430351 0.170726 0.0117737 0.0554672 0.369192 0.281171 0.0480174 0.382293 0.0419828 0.018674 0.38063 0.149968 0.0105404 0.134154 0.250999 0.0477803 0.0967627 0.289446 0.0870063 0.0398398 0.365383 0.0899477 0.00802716 0.076701 0.137394 0.0812016 1
0.433007 0.276294 0.436805 0.281527 0.463754 0.418747 0.317245 0.385288 0.473737 0.319924 0.0805722 0.0719369 0.0671913 0.0527234 0.084033 0.198486 0.0672727 0.171756 0.128722 0.10095 0.436855 0.406183 0.409831 0.264402 0.484911 0.53663 0.421246 0.64055 0.533215 0.447724 0
0.193052 0.177545 0.191417 0.0977306 0.457434 0.219588 0.126453 0.166054 0.361616 0.402485 0.0175991 0.10217 0.028177 0.00746734 0.193868 0.124057 0.0696465 0.191324 0.21948 0.0698566 0.141942 0.210021 0.146173 0.0626229 0.46642 0.187938 0.183626 0.369416 0.342204 0.234553 1
0.24748 0.281028 0.238546 0.133574 0.35822 0.160634 0.102905 0.100746 0.320707 0.193766 0.0511316 0.0924682 0.0526316 0.0219799 0.140055 0.0873314 0.050505 0.134249 0.161789 0.0367939 0.226254 0.320362 0.216345 0.107993 0.433402 0.184058 0.192732 0.303402 0.325843 0.128952 1
0.519144 0.348326 0.486559 0.355673 0.28338 0.146739 0.170876 0.278131 0.539899 0.00610789 0.159008 0.188693 0.122509 0.0882297 0.07856 0.0463394 0.0578535 0.186835 0.594614 0.0347901 0.450018 0.421375 0.3924 0.264402 0.237932 0.0901418 0.179633 0.407216 0.653854 0.0398137 0
0.287236 0.324653 0.268261 0.162757 0.252505 0.0567757 0.00162137 0.0207107 0.383333 0.106361 0.105921 0.188693 0.0866042 0.0488571 0.196417 0.0476237 0.00174747 0.0789354 0.197248 0.0723786 0.22412 0.272655 0.198366 0.10787 0.204253 0.0335885 0.00147364 0.0381787 0.172285 0.0514889 1
0.315159 0.224214 0.300048 0.181675 0.218651 0.126403 0.0435098 0.0856362 0.14798 0.201559 0.0274126 0.12447 0.0326061 0.0144715 0.0939593 0.0714844 0.0272475 0.15071 0.0755333 0.057212 0.239772 0.297708 0.227452 0.115882 0.249158 0.12701 0.0838658 0.295052 0.153952 0.165355 1
0.379052 0.419344 0.371363 0.233383 0.293581 0.254954 0.160708 0.192644 0.446465 0.193134 0.0749955 0.215656 0.0731753 0.0405455 0.0930075 0.19398 0.0836364 0.226558 0.157286 0.107791 0.314123 0.520522 0.297774 0.167592 0.241234 0.298057 0.248722 0.449485 0.315001 0.245769 1
0.630839 0.586743 0.615783 0.485472 0.427643 0.274278 0.355904 0.463867 0.380808 0.121314 0.103639 0.148692 0.0862272 0.0850545 0.1132 0.101601 0.0534596 0.155048 0.0694827 0.0344446 0.583422 0.723348 0.557249 0.407688 0.535099 0.259248 0.302556 0.583161 0.312636 0.163649 0
0.203938 0.112614 0.196531 0.103712 0.412657 0.173916 0.0764995 0.136928 0.358081 0.268324 0.0285714 0.0373718 0.0191773 0.011894 0.161777 0.0673536 0.0323737 0.167626 0.127174 0.0664018 0.156172 0.110874 0.138752 0.0669239 0.426798 0.119733 0.101837 0.300687 0.230239 0.165158 1
0.253632 0.423064 0.249188 0.136161 0.438476 0.251886 0.12582 0.140258 0.24798 0.371736 0.0664132 0.286377 0.0564482 0.0275459 0.32726 0.221543 0.0789141 0.215003 0.153487 0.153844 0.200996 0.44403 0.184023 0.0903952 0.488873 0.200357 0.134824 0.281581 0.138577 0.234685 1
0.239907 0.439973 0.241587 0.129077 0.150943 0.269677 0.186106 0.148012 0.0722222 0.350253 0.00286076 0.237314 0.0481082 0.00513076 0.113166 0.325563 0.108712 0.315779 0.236647 0.223286 0.165066 0.444829 0.184023 0.0745183 0.111074 0.285347 0.232588 0.375258 0.123398 0.252197 1
0.115576 0.614474 0.106903 0.05421 0.258193 0.0930311 0 0 0.344444 0.223884 0.154264 0.567274 0.134807 0.0416662 0.335758 0.0675038 0 0 0.311786 0.0839178 0.0910708 0.592218 0.0801335 0.0357354 0.238592 0.0429704 0 0 0.179381 0.0960908 1
0.18548 0.109909 0.172068 0.094719 0.203304 0.0545979 0.00723992 0.0327435 0.192929 0.157329 0.0616694 0.0886669 0.0495217 0.0219239 0.150559 0.0291555 0.00463384 0.0677401 0.119435 0.0611505 0.157595 0.164712 0.137756 0.0699961 0.303308 0.0539919 0.0148083 0.135842 0.231224 0.143054 1
0.337404 0.107203 0.319536 0.200636 0.365261 0.103307 0.0413543 0.135835 0.158081 0.148273 0.052725 0.1593 0.0377421 0.0319725 0.169256 0.0681047 0.0144369 0.125535 0.0883379 0.0546208 0.270366 0.159382 0.239006 0.138788 0.375949 0.0811188 0.0423882 0.202405 0.10546 0.103568 1
0.225709 0.354075 0.223274 0.1172 0.50799 0.290534 0.160333 0.185785 0.471212 0.306866 0.141336 0.294554 0.149319 0.0589057 0.262433 0.163713 0.105227 0.218223 0.367085 0.143928 0.191747 0.378198 0.191743 0.0881587 0.426798 0.157086 0.15623 0.271787 0.315987 0.162862 1
0.206304 0.390599 0.198259 0.107317 0.315609 0.142231 0.120267 0.0943837 0.215657 0.322873 0.0445048 0.138327 0.0395797 0.0179455 0.251555 0.100024 0.0616919 0.121898 0.109726 0.0546554 0.180719 0.456556 0.167239 0.0818177 0.651984 0.18658 0.249201 0.284467 0.249162 0.218287 1
0.480808 0.226243 0.498998 0.326278 0.595558 0.638672 0.522259 0.696322 1 0.509056 0.338403 0.136094 0.307167 0.195365 0.214706 0.268408 0.0942424 0.454063 0.213852 0.226257 0.509427 0.25 0.507944 0.313557 0.550287 0.356657 0.307748 0.876289 0.493002 0.333596 0
0.263098 0.223537 0.258863 0.141166 0.570281 0.273357 0.138894 0.162972 0.44596 0.340354 0.0529422 0.162394 0.038119 0.0218305 0.271578 0.100775 0.0650253 0.219928 0.283222 0.054759 0.20064 0.25 0.180587 0.0901494 0.5734 0.143406 0.150879 0.289038 0.313424 0.133412 1
0.0764826 0.300643 0.0711768 0.0329586 0.494448 0.119901 0 0 0.557071 0.497683 0.0815861 0.534123 0.0690289 0.0205604 0.647143 0.088458 0 0 0.753898 0.204699 0.0363572 0.277719 0.0310773 0.0134929 0.419534 0.0488789 0 0 0.310861 0.171324 1
0.384259 0.225905 0.38553 0.225239 0.563059 0.494816 0.266635 0.424155 0.475253 0.309815 0.115662 0.156427 0.096075 0.0617074 0.247918 0.297398 0.0809091 0.427733 0.220183 0.141268 0.291 0.168177 0.276358 0.141909 0.445288 0.253233 0.15655 0.489003 0.20205 0.149219 1
0.166075 0.300981 0.159422 0.0809332 0.489031 0.14539 0.0538191 0.0884692 0.213131 0.337826 0.0133985 0.265824 0.013099 0.00612255 0.243465 0.0533992 0.0456566 0.174256 0.141104 0.0836759 0.111348 0.333689 0.10135 0.046746 0.463118 0.0748125 0.0672764 0.22433 0.127735 0.153352 1
0.222869 0.49814 0.22514 0.111516 0.640697 0.4166 0.105787 0.225199 0.540909 0.507372 0.0667029 0.357541 0.0660133 0.0264252 0.37961 0.245576 0.047096 0.334533 0.1086 0.170288 0.179651 0.53758 0.177848 0.0743462 0.69755 0.288937 0.111422 0.449485 0.244037 0.292929 1
0.165602 0.343253 0.158455 0.0823754 0.490837 0.123704 0.113191 0.152584 0.341919 0.304128 0.0942966 0.497657 0.0829289 0.030665 0.487031 0.0871812 0.047096 0.214624 0.378201 0.0920712 0.12629 0.464819 0.115892 0.0534801 0.530476 0.0730661 0.0943291 0.231478 0.259807 0.147186 1
0.577358 0.432195 0.578467 0.426087 0.294304 0.378566 0.261012 0.336581 0.357071 0.112258 0.1174 0.157532 0.144937 0.0885659 0.129551 0.260823 0.0683333 0.231294 0.0881972 0.0864398 0.548915 0.534115 0.577668 0.369347 0.403025 0.516935 0.308706 0.586942 0.320915 0.243802 0
0.221449 0.248901 0.206689 0.117709 0.207457 0.0518987 0.0194611 0.0577535 0.308586 0.154802 0.0875973 0.0689975 0.0691702 0.0359135 0.165551 0.035592 0.0150227 0.119265 0.200906 0.0612541 0.190324 0.205757 0.165347 0.0878146 0.187611 0.0363536 0.0243291 0.14646 0.229844 0.0866457 1
0.565999 0.392289 0.551517 0.418452 0.338178 0.256181 0.253046 0.395179 0.263636 0.097936 0.245265 0.0966452 0.222824 0.166695 0.0928375 0.107159 0.057298 0.259519 0.0841166 0.0277423 0.602277 0.38806 0.575178 0.413095 0.317837 0.200163 0.214617 0.614777 0.194362 0.0711662 0
0.163709 0.194454 0.157764 0.0789396 0.47549 0.177412 0.0155647 0.0604374 0.367677 0.306234 0.0288973 0.119895 0.0212505 0.00944718 0.163171 0.0436281 0.00711364 0.0941845 0.100439 0.06654 0.127713 0.207356 0.114846 0.0516614 0.415572 0.0853877 0.0210783 0.153402 0.206978 0.181359 1
0.531923 0.309773 0.517656 0.374761 0.404713 0.283173 0.264761 0.395129 0.377273 0.140691 0.105957 0.0420129 0.0843425 0.0786294 0.105653 0.107685 0.0608081 0.216518 0.0684978 0.0537571 0.494842 0.345949 0.45067 0.319455 0.476986 0.241591 0.307748 0.610309 0.245811 0.176702 0
0.573572 0.560703 0.589524 0.4193 0.621739 0.489909 0.453843 0.730119 0.289899 0.46925 0.147565 0.563517 0.237667 0.112623 0.198253 0.437468 0.0538889 0.349119 0.319103 0.328036 0.441124 0.551706 0.452662 0.273496 0.44925 0.24683 0.194249 0.632646 0.147053 0.242621 0
0.522931 0.241461 0.509364 0.359067 0.332581 0.318447 0.255389 0.310835 0.333333 0.165122 0.067753 0.0509194 0.0548462 0.0541055 0.0817215 0.100249 0.0751263 0.184751 0.071312 0.0532389 0.442903 0.266525 0.412819 0.272021 0.364063 0.23218 0.342652 0.527491 0.251725 0.178473 0
0.967343 0.560027 0.988943 1 0.503476 0.550334 0.851687 0.839463 0.505556 0.132056 0.881948 0.209026 0.843095 1 0.201822 0.386698 0.203409 0.492139 0.127878 0.12655 1 0.515725 1 1 0.426138 0.386442 0.545767 0.902062 0.212103 0.126131 0
0.130484 0.0764288 0.120586 0.0615058 0.359935 0.0663763 0 0 0.425758 0.300337 0.0316133 0.0300124 0.0217217 0.0101943 0.147092 0.0255655 0 0 0.20949 0.0803248 0.0956955 0.0554371 0.0802829 0.0387584 0.344912 0.0434167 0 0 0.303568 0.173619 1
0.770931 0.416977 0.748462 0.654295 0.28672 0.291761 0.310216 0.482207 0.374242 0.117313 0.200145 0.109596 0.181218 0.170057 0.108679 0.174152 0.0712626 0.307445 0.164321 0.0982899 0.714337 0.43177 0.666318 0.545075 0.34095 0.321148 0.315335 0.806186 0.398975 0.241572 0
0.166075 0.323977 0.163223 0.0816967 0.42665 0.203668 0.0701734 0.0596918 0.584343 0.312763 0.0881767 0.259415 0.0727984 0.0304969 0.199952 0.149743 0.0727273 0.163175 0.270417 0.0883054 0.128424 0.300906 0.118582 0.0534801 0.335006 0.117696 0.0637939 0.110069 0.248571 0.13433 1
0.259312 0.484613 0.277659 0.140997 0.595558 0.67548 0.532568 0.424602 0.489899 0.683867 0.0673909 0.27378 0.0604062 0.0320098 0.184791 0.525115 0.19553 0.271263 0.140823 0.317326 0.254714 0.763859 0.235271 0.129326 0.753682 1 0.882588 0.75945 0.552139 1 0
0.531923 0.304024 0.528713 0.377306 0.561253 0.396049 0.415183 0.526839 0.521212 0.276748 0.261525 0.272454 0.194129 0.17185 0.0743108 0.205471 0.0711364 0.174692 0.265351 0.146174 0.450729 0.322761 0.421784 0.279149 0.375289 0.196379 0.209505 0.455326 0.28701 0.162862 0
0.681007 0.182279 0.67383 0.527041 0.428546 0.405251 0.452671 0.623757 0.461111 0.25 0.0832519 0.209689 0.0777458 0.0602505 0.0922256 0.183991 0.0867929 0.254404 0.124782 0.119952 0.52508 0.261727 0.50645 0.331744 0.317176 0.249061 0.321406 0.675601 0.229647 0.207399 0
0.536182 0.367602 0.532168 0.385366 0.489031 0.323354 0.367619 0.469732 0.40404 0.199031 0.156944 0.124271 0.115959 0.113108 0.151715 0.124057 0.0735606 0.198144 0.108459 0.0632234 0.495553 0.377932 0.457144 0.321422 0.515288 0.219567 0.30024 0.5189 0.297457 0.154729 0
0.536182 0.299966 0.516965 0.3807 0.300172 0.200294 0.191401 0.288966 0.283333 0.0903538 0.0529422 0.025526 0.0499458 0.0413113 0.039195 0.0520398 0.0356566 0.127278 0.0395115 0.00663327 0.475987 0.382196 0.442203 0.301022 0.344912 0.210738 0.282588 0.539863 0.323477 0.0940575 0
0.353022 0.184985 0.346762 0.210647 0.424935 0.253727 0.198852 0.27495 0.335354 0.228517 0.04675 0.0838048 0.0642228 0.0268921 0.135738 0.155601 0.0786364 0.282819 0.0936849 0.0564173 0.28175 0.208689 0.289805 0.142966 0.399062 0.238874 0.247843 0.549485 0.221959 0.142923 1
0.220503 0.291512 0.216847 0.114104 0.555836 0.2525 0.165651 0.173211 0.374242 0.320977 0.0704327 0.286598 0.0658719 0.0258088 0.232077 0.156578 0.0743687 0.264823 0.109304 0.101745 0.185343 0.459488 0.17481 0.0827025 0.64472 0.231598 0.229473 0.418557 0.244628 0.235668 1
0.204411 0.286777 0.208279 0.104305 0.39081 0.346973 0.362699 0.141849 0.50202 0.562974 0.0475466 0.283283 0.0759553 0.0179082 0.16827 0.427254 0.224242 0.248911 0.169809 0.268786 0.165422 0.42484 0.183027 0.0707088 0.419534 0.443879 0.59393 0.418557 0.343584 0.489702 1
0.34261 0.4535 0.349527 0.197837 0.495351 0.680694 0.464152 0.328926 0.668687 0.536226 0.0631903 0.386713 0.0638458 0.0465411 0.2127 1 0.294444 0.31559 0.608544 0.373985 0.277837 0.670576 0.278849 0.14186 0.542363 0.878433 0.677955 0.608935 0.709836 0.587433 0
0.27351 0.123774 0.266049 0.152959 0.318769 0.184345 0.0949391 0.12664 0.273232 0.240944 0.0778562 0.0661245 0.0748716 0.0343259 0.162525 0.190975 0.0792172 0.2025 0.132662 0.120815 0.222697 0.116738 0.207331 0.106567 0.318497 0.187744 0.141294 0.289038 0.196925 0.18031 1
0.210564 0.192087 0.202267 0.108717 0.395053 0.151862 0.0820759 0.142893 0.340404 0.183024 0.0233207 0.140028 0.0181878 0.0109601 0.116259 0.0973203 0.0362121 0.162948 0.100298 0.023942 0.156172 0.266525 0.147019 0.0680299 0.315856 0.133413 0.111741 0.291271 0.219003 0.0827102 1
0.21719 0.315523 0.210144 0.112916 0.29638 0.177412 0.128515 0.0709742 0.490404 0.267692 0.0633351 0.23864 0.068275 0.0252111 0.189176 0.136825 0.112298 0.166679 0.151939 0.084436 0.182853 0.398721 0.179391 0.0824076 0.354817 0.161452 0.204473 0.229003 0.289769 0.182343 1
0.273984 0.395671 0.264184 0.154358 0.314706 0.143028 0.0729147 0.142346 0.320202 0.271904 0.224371 0.30671 0.205485 0.0875013 0.0971547 0.117523 0.0549495 0.332828 0.363708 0.17205 0.207044 0.30597 0.19239 0.0969082 0.14997 0.0606281 0.0414217 0.164021 0.121033 0.0896629 1
0.638412 0.370646 0.628222 0.490138 0.351449 0.343292 0.356842 0.504473 0.558586 0.0890901 0.261488 0.304058 0.207841 0.174819 0.10963 0.215084 0.103359 0.321841 0.285332 0.0630161 0.54429 0.403252 0.505951 0.358779 0.254441 0.219373 0.246965 0.554296 0.326237 0.0578512 0
0.341663 0.365911 0.335982 0.201442 0.331137 0.280412 0.118627 0.151988 0.225253 0.213353 0.0855694 0.145377 0.0938604 0.045215 0.0813815 0.23003 0.0712374 0.25573 0.115636 0.0638798 0.303095 0.406183 0.307236 0.158106 0.291422 0.306206 0.200639 0.460137 0.191011 0.154401 1
0.394671 0.255665 0.410545 0.241697 0.730071 0.641126 0.573571 0.617296 0.675758 0.547599 0.198334 0.154438 0.15568 0.098353 0.286807 0.327665 0.125833 0.402917 0.15419 0.268267 0.34863 0.283582 0.345585 0.182757 0.695569 0.410406 0.353754 0.765979 0.333728 0.420176 0
0.428274 0.196145 0.428512 0.275589 0.381692 0.361082 0.282099 0.34995 0.364647 0.206403 0.0816947 0.085617 0.0882062 0.0494361 0.140259 0.2268 0.0938131 0.276378 0.0955142 0.0769045 0.385272 0.265458 0.367996 0.21746 0.477646 0.407981 0.395847 0.680756 0.286615 0.237439 0
0.448625 0.351708 0.452699 0.292428 0.412386 0.417827 0.420103 0.440656 0.370707 0.279486 0.0695999 0.204164 0.0812797 0.0462983 0.167046 0.290564 0.135631 0.343436 0.125767 0.127449 0.350765 0.4379 0.364012 0.195635 0.464439 0.426318 0.468211 0.699313 0.293515 0.263348 0
0.167022 0.452486 0.159353 0.0808908 0.441184 0.14904 0.0584583 0.0931909 0.320707 0.328559 0.06348 0.173002 0.0721858 0.0256968 0.287487 0.0914621 0.046995 0.236787 0.376513 0.037174 0.106724 0.32516 0.0980626 0.0436247 0.284818 0.0570966 0.0332109 0.107388 0.130495 0.0834973 1
0.193999 0.308421 0.203925 0.0925133 0.622642 0.601251 0.395736 0.316451 0.573737 0.622157 0.036176 0.147366 0.0453282 0.0134255 0.193494 0.324736 0.115859 0.253647 0.133647 0.122301 0.188901 0.554371 0.205937 0.07936 0.972264 0.883478 0.671086 0.867354 0.510349 0.559229 0
0.397037 0.441326 0.389814 0.248017 0.355421 0.258328 0.262887 0.371919 0.331818 0.231887 0.0729314 0.106325 0.0621024 0.0422826 0.277697 0.166642 0.114419 0.333965 0.236787 0.0430817 0.302383 0.368337 0.284327 0.158695 0.3601 0.167273 0.227316 0.507216 0.195348 0.0868424 0
0.268304 0.286101 0.268814 0.145111 0.496254 0.349733 0.18784 0.252187 0.293434 0.391323 0.0437806 0.0603342 0.0442445 0.0216624 0.13567 0.170998 0.0665657 0.195492 0.136602 0.0921748 0.229456 0.269989 0.223517 0.110229 0.542363 0.346276 0.286102 0.483505 0.328208 0.316542 1
0.270671 0.0831924 0.256306 0.149099 0.317956 0.118275 0.0552952 0.119384 0.264141 0.269377 0.0412095 0.0630967 0.0362814 0.0197386 0.150185 0.0779433 0.0229167 0.15592 0.130129 0.121575 0.203486 0.130597 0.187808 0.0938114 0.397742 0.129435 0.0749601 0.282612 0.238518 0.25974 1
0.221922 0.348664 0.217124 0.115673 0.442087 0.230507 0.0984067 0.107207 0.403535 0.308551 0.034474 0.113662 0.0299675 0.015947 0.120271 0.112792 0.0464646 0.10036 0.0929814 0.0613578 0.192814 0.447495 0.18223 0.0898053 0.553589 0.261092 0.220288 0.279038 0.323477 0.226027 1
0.496427 0.506256 0.499689 0.356776 0.471879 0.432243 0.505858 0.51839 0.241414 0.288332 0.353612 0.23201 0.310041 0.215724 0.151647 0.256016 0.117273 0.297215 0.0502054 0.145966 0.541089 0.541311 0.522387 0.362466 0.438685 0.345112 0.390575 0.591409 0.117288 0.248983 0
0.40461 0.806561 0.414 0.255101 0.484517 0.443286 0.410262 0.417445 0.520707 0.348357 0.0472207 0.202838 0.053998 0.0302915 0.123466 0.175053 0.0729545 0.193597 0.0290567 0.085127 0.375667 1 0.377957 0.208858 0.773493 0.513345 0.455511 0.692096 0.383797 0.428703 0
0.158029 0.224552 0.148711 0.0769459 0.376546 0.0937366 0.0237113 0.0273111 0.416667 0.253791 0.0358139 0.134105 0.0282241 0.0115204 0.182649 0.0375146 0.0255556 0.104092 0.1086 0.0591121 0.118107 0.259861 0.103143 0.0490808 0.378591 0.0593086 0.035016 0.0818213 0.219988 0.124295 1
0.238961 0.277984 0.223205 0.128314 0.218471 0.059935 0.00362231 0.0277932 0.162626 0.226201 0.0441789 0.121442 0.0334072 0.0189915 0.102526 0.0348109 0.0029899 0.0748437 0.0953734 0.0297115 0.182853 0.272655 0.161014 0.0831203 0.19897 0.0452213 0.00617572 0.0960825 0.119456 0.100551 1
0.114724 0.405479 0.109253 0.0541676 0.467365 0.129471 0.0479616 0.0624752 0.487374 0.338037 0.115408 0.556444 0.0943316 0.0343072 0.442839 0.108811 0.0345202 0.164311 0.317414 0.127656 0.103878 0.51226 0.0912396 0.0428136 0.53774 0.0892686 0.0490495 0.129553 0.257638 0.183655 1
0.589664 0.308083 0.582614 0.434146 0.50799 0.3847 0.528585 0.593439 0.385354 0.235678 0.164548 0.231568 0.135419 0.113818 0.121528 0.195857 0.107475 0.222769 0.130692 0.0800138 0.57026 0.489606 0.515414 0.382127 0.529816 0.334924 0.474121 0.707904 0.335305 0.229896 0
0.116191 0.291173 0.110773 0.0573065 0.435768 0.123244 0.0634958 0.0698807 0.225253 0.413437 0.143545 0.195987 0.118268 0.044225 0.174151 0.0505453 0.0592929 0.124361 0.162352 0.0628088 0.1455 0.346482 0.126401 0.0625246 0.410289 0.0752976 0.0913738 0.173608 0.175241 0.172635 1
0.62374 0.33649 0.603345 0.479533 0.248894 0.203239 0.270619 0.383996 0.438384 0.0210615 0.174181 0.0720695 0.146586 0.127098 0.0959649 0.0864301 0.0667929 0.236219 0.19767 0.0239765 0.538243 0.293443 0.496987 0.361728 0.226045 0.122644 0.208147 0.489691 0.293712 0.0281386 0
0.180747 0 0.172621 0.0908165 0.39099 0.116496 0.0593018 0.0843936 0.162121 0.295704 0.0221981 0.0102104 0.0173868 0.00873742 0.207227 0.056809 0.0277525 0.101231 0.0655429 0.0423216 0.130559 0 0.115793 0.0562328 0.478307 0.0954779 0.0836262 0.158179 0.103489 0.143972 1
0.416442 0.276632 0.413309 0.270414 0.401462 0.33685 0.233224 0.32833 0.39495 0.228728 0.142785 0.138061 0.132262 0.0884538 0.137947 0.288085 0.0704798 0.242849 0.171638 0.112247 0.444326 0.406716 0.428756 0.273742 0.451892 0.517711 0.316693 0.621993 0.438991 0.326381 0
0.309953 0.0415962 0.304886 0.176331 0.690349 0.261702 0.161129 0.325845 0.678283 0.346462 0.10813 0.144493 0.0892899 0.0482781 0.397287 0.196308 0.0293434 0.156071 0.250999 0.182035 0.218783 0.0125266 0.203944 0.103298 0.488212 0.107314 0.0682029 0.254536 0.225705 0.110652 1
0.373373 0.235374 0.379034 0.228632 0.573892 0.446353 0.39597 0.443489 0.55404 0.37321 0.114105 0.130105 0.105169 0.0642102 0.179216 0.175579 0.0760354 0.240765 0.11451 0.103265 0.387051 0.409115 0.381941 0.223604 0.770191 0.408175 0.375719 0.696564 0.398186 0.337531 0
0.229968 0.304024 0.23592 0.126023 0.526045 0.405558 0.28538 0.257555 0.626768 0.590354 0.134347 0.148029 0.128069 0.063874 0.130469 0.239493 0.106187 0.197765 0.208927 0.164864 0.316258 0.429104 0.343593 0.172901 0.611041 0.533816 0.555591 0.531271 0.630002 0.558573 0
0.334564 0.589787 0.328865 0.193807 0.421233 0.285933 0.104545 0.213917 0.240909 0.247473 0.0916169 0.250133 0.10041 0.0430297 0.188428 0.184216 0.052298 0.308013 0.18177 0.152323 0.262184 0.563699 0.247971 0.12817 0.349534 0.193178 0.105911 0.360137 0.135029 0.18477 1
0.610961 0.356781 0.599198 0.454083 0.461045 0.342372 0.3306 0.468738 0.374747 0.251053 0.143545 0.113486 0.136503 0.0988013 0.114764 0.156052 0.0770707 0.223148 0.0378229 0.0862325 0.562078 0.352079 0.548284 0.359025 0.46576 0.294564 0.334265 0.554296 0.193968 0.238226 0
0.490747 0.451471 0.464446 0.334931 0.306852 0.133489 0.0677366 0.141004 0.254545 0.0655013 0.104726 0.211457 0.085756 0.0702431 0.136418 0.066152 0.0314646 0.145312 0.0876344 0.0235965 0.424048 0.51839 0.38742 0.253834 0.348874 0.117696 0.0967252 0.28299 0.174847 0.0663125 0
0.49974 0.324992 0.492779 0.342778 0.334477 0.308018 0.242737 0.372167 0.225253 0.104254 0.103422 0.10343 0.109834 0.0633697 0.148792 0.17603 0.0685101 0.254783 0.113384 0.0609086 0.444326 0.368337 0.443697 0.258995 0.441986 0.305333 0.280192 0.666323 0.268677 0.154992 0
0.333617 0.39026 0.317877 0.19508 0.343685 0.15358 0.0342549 0.0942346 0.230808 0.176706 0.0533768 0.252564 0.042878 0.0285171 0.19295 0.0869559 0.0184394 0.190188 0.0668092 0.070133 0.263252 0.486674 0.238358 0.130333 0.379912 0.120315 0.0497684 0.273643 0.130298 0.138594 1
0.317526 0.215083 0.304402 0.184772 0.274352 0.136065 0.0598875 0.100944 0.410101 0.141744 0.0213652 0.032355 0.028978 0.0134442 0.0855628 0.102277 0.0295202 0.120004 0.162492 0.0442909 0.24582 0.218284 0.242791 0.119298 0.259724 0.176878 0.107508 0.240103 0.346541 0.144103 1
0.280136 0.21001 0.276069 0.156394 0.308206 0.232225 0.114667 0.153479 0.362626 0.260952 0.0372261 0.0908327 0.0439146 0.0183751 0.122752 0.100475 0.0381313 0.143664 0.185147 0.0342719 0.233013 0.261194 0.23288 0.112711 0.396421 0.220731 0.166933 0.347766 0.39109 0.171455 1
0.171281 0.312479 0.176145 0.0860657 0.399476 0.292375 0.149649 0.131312 0.435354 0.31487 0.122759 0.184936 0.125948 0.037912 0.195703 0.252035 0.084697 0.258572 0.382141 0.0837105 0.140519 0.291045 0.138802 0.0588871 0.331044 0.21753 0.153035 0.272371 0.271043 0.136626 1
0.320365 0.475482 0.309239 0.189396 0.250971 0.149347 0.110052 0.116501 0.360101 0.0911963 0.117038 0.153996 0.0976299 0.0618755 0.089676 0.18339 0.0851263 0.190756 0.254657 0.0757298 0.251868 0.381663 0.237014 0.127998 0.14865 0.113427 0.108546 0.209828 0.21644 0.0535879 1
0.138341 0.282381 0.143805 0.0674019 0.400469 0.337464 0.306232 0.184692 0.307576 0.657119 0.115734 0.420085 0.111907 0.0386217 0.378931 0.644606 0.302273 0.465997 0.435048 0.588185 0.118463 0.329691 0.112854 0.0503834 0.389157 0.259734 0.278435 0.34055 0.206781 0.401154 1
0.62232 0.626987 0.604036 0.474019 0.407782 0.257714 0.337395 0.48663 0.349495 0.1131 0.236828 0.464728 0.20949 0.172279 0.137879 0.165064 0.0997475 0.317863 0.15616 0.0553809 0.560655 0.699094 0.520892 0.379915 0.300007 0.159997 0.256789 0.55945 0.198502 0.0743146 0
0.264045 0.316537 0.263492 0.145196 0.315699 0.258941 0.241331 0.218241 0.238889 0.250211 0.0900597 0.247039 0.115676 0.0386404 0.276711 0.301154 0.158359 0.372419 0.260427 0.114355 0.193525 0.277452 0.19229 0.0890189 0.253781 0.167758 0.190735 0.318385 0.1096 0.110455 1
0.14667 0.182618 0.138 0.073807 0.36147 0.0845654 0.0037418 0.0119483 0.324748 0.221567 0.113344 0.200628 0.0906092 0.0366606 0.430941 0.0732118 0.00403283 0.0455389 0.246215 0.0889618 0.140164 0.244136 0.124409 0.0618856 0.534438 0.072387 0.00552716 0.0358076 0.269663 0.143841 1
0.625633 0.578965 0.621312 0.462566 0.419067 0.452488 0.384489 0.628728 0.411616 0.21567 0.313091 0.338534 0.300193 0.180796 0.228643 0.334124 0.149091 0.480394 0.411127 0.117153 0.578442 0.580757 0.545794 0.365169 0.373968 0.304945 0.295767 0.739519 0.33629 0.139578 0
0.326045 0.371661 0.317739 0.18719 0.389546 0.252807 0.0864105 0.117744 0.282828 0.356361 0.0581206 0.151786 0.0621496 0.0304783 0.155862 0.146213 0.0660354 0.171642 0.0987505 0.0934185 0.253291 0.339286 0.242841 0.123722 0.364723 0.171154 0.109984 0.235223 0.134831 0.195986 1
0.286289 0.294555 0.268261 0.161315 0.335831 0.0560702 0.0600281 0.145278 0.205556 0.182603 0.0262176 0.437986 0.01946 0.013743 0.08971 0.0198801 0.0339141 0.220496 0.264929 0.0304716 0.191035 0.28758 0.16958 0.0886502 0.17064 0.0183369 0.0386022 0.172268 0.0831855 0.043618 1
0.521984 0.366926 0.515583 0.366278 0.428546 0.33593 0.274133 0.385785 0.533333 0.227675 0.232953 0.205048 0.216558 0.154909 0.213618 0.185868 0.0943687 0.31218 0.29673 0.107134 0.483814 0.3742 0.463121 0.304955 0.39444 0.19929 0.203195 0.511684 0.332348 0.139118 0
0.36722 0.531282 0.351807 0.222736 0.271915 0.161831 0.0961809 0.150447 0.393939 0.144061 0.0693826 0.226485 0.0669085 0.038491 0.104089 0.0711088 0.0491667 0.240386 0.15222 0.0598031 0.305229 0.540245 0.283829 0.157589 0.230007 0.107023 0.128674 0.376289 0.22807 0.0952381 1
0.309007 0.31045 0.306199 0.175864 0.480906 0.292375 0.201031 0.267445 0.376768 0.228096 0.0369727 0.214772 0.0356217 0.0233247 0.126763 0.130066 0.0834343 0.258951 0.0741262 0.0542062 0.244397 0.404584 0.233677 0.120429 0.473024 0.222866 0.274601 0.499313 0.217031 0.14312 1
0.525297 0.410213 0.508673 0.373489 0.190304 0.205632 0.258435 0.287177 0.358586 0.0724516 0.190005 0.208805 0.167507 0.129918 0.129755 0.380839 0.154293 0.273537 0.190212 0.143064 0.420847 0.337953 0.391902 0.256292 0.112593 0.163974 0.202476 0.315498 0.158486 0.0691329 0
0.226182 0.285086 0.215673 0.121994 0.424754 0.121956 0.06291 0.174702 0.282323 0.271904 0.193192 0.385608 0.159308 0.0790216 0.131999 0.0585664 0.0321212 0.271263 0.110711 0.0643634 0.19317 0.303038 0.172768 0.0905427 0.280856 0.0508873 0.0488818 0.246048 0.0814114 0.0925489 0
0.169861 0.291173 0.159146 0.0837328 0.259908 0.0774186 0.0466963 0.0552187 0.662626 0.162595 0.0254572 0.482187 0.0245017 0.0118006 0.306183 0.0830504 0.0503283 0.210457 0.130692 0.12427 0.107079 0.300906 0.0943274 0.0445094 0.176781 0.0369939 0.0318371 0.0763574 0.223536 0.0808081 1
0.483648 0.500845 0.486559 0.333362 0.49174 0.501871 0.396439 0.394831 0.437879 0.314027 0.173529 0.15046 0.138906 0.117049 0.139613 0.404873 0.107374 0.213487 0.103957 0.186699 0.547492 0.581023 0.503959 0.367627 0.576702 0.690893 0.524441 0.652577 0.344569 0.51725 0
0.298121 0.357457 0.300809 0.170392 0.464656 0.38102 0.230717 0.306064 0.461616 0.376158 0.0937534 0.102701 0.0786882 0.0458126 0.114186 0.144336 0.0551768 0.181095 0.130973 0.0836759 0.336179 0.425906 0.312217 0.177448 0.540382 0.334827 0.292652 0.512715 0.428543 0.312607 0
0.318472 0.303348 0.310552 0.181336 0.42006 0.268757 0.126172 0.188022 0.330303 0.389006 0.0751765 0.196429 0.0719502 0.0366979 0.170854 0.152146 0.0526768 0.256109 0.15222 0.0985317 0.255425 0.36274 0.244136 0.126991 0.471043 0.222478 0.154553 0.441237 0.253105 0.231339 1
0.27777 0.394319 0.268399 0.15737 0.206554 0.195632 0.143533 0.0927932 0.262626 0.235468 0.140431 0.31776 0.0845781 0.0643222 0.146106 0.319554 0.130682 0.254025 0.264648 0.236172 0.230167 0.39952 0.205289 0.113203 0.150895 0.161355 0.146805 0.192474 0.181944 0.173619 1
0.46661 0.329726 0.446479 0.312492 0.196985 0.162107 0.120665 0.137724 0.39596 0.0572873 0.133044 0.375663 0.128257 0.0743522 0.0588095 0.182939 0.0771717 0.210267 0.102972 0.0215581 0.366062 0.427772 0.348075 0.20812 0.109423 0.139428 0.150319 0.289897 0.189631 0.0306966 1
0.450518 0.290159 0.43404 0.294634 0.399296 0.200294 0.137348 0.240308 0.219697 0.125737 0.0823466 0.238419 0.0747774 0.0500151 0.188462 0.11865 0.0462626 0.195681 0.127455 0.0382104 0.36286 0.357942 0.332636 0.202468 0.41359 0.136421 0.132827 0.313505 0.163414 0.0632953 1
0 0.125803 0 0 0.581114 0.172689 0 0 0.439394 0.594356 0.0407749 0.253669 0.0375065 0.00566121 0.288167 0.0644997 0 0 0.263241 0.110727 0 0.200426 0 0 0.576042 0.0901418 0 0 0.269466 0.254362 1
0.325098 0.184985 0.312349 0.188293 0.383949 0.17637 0.104944 0.184443 0.530303 0.180497 0.0493934 0.123608 0.0505584 0.0235488 0.0857327 0.0988224 0.0367929 0.197575 0.104097 0.0241147 0.2508 0.259062 0.238857 0.119151 0.312554 0.140786 0.116294 0.343402 0.274 0.0923521 1
0.279663 0.20257 0.278419 0.158261 0.230658 0.234403 0.261246 0.168489 0.187879 0.197767 0.0651095 0.227369 0.0749187 0.0307958 0.159942 0.280575 0.200177 0.336048 0.153346 0.0967697 0.21238 0.204424 0.207729 0.100865 0.185498 0.19832 0.267093 0.349485 0.085551 0.106454 1
0.131289 0.625296 0.123627 0.0625239 0.245644 0.0824489 0.0361059 0.051839 0.283333 0.201348 0.0241173 0.293228 0.0228997 0.00836387 0.165721 0.0784691 0.0366162 0.115628 0.11057 0.0474348 0.0974742 0.663646 0.0877534 0.0404788 0.263026 0.0811188 0.0574281 0.167216 0.149024 0.111964 1
0.345923 0.240446 0.321401 0.207466 0.105263 0.022606 0.0169869 0.0310636 0.226263 0.0800337 0.00677168 0.0794731 0.00409461 0.00741131 0.0604752 0.0109502 0.0121869 0.0683463 0.105223 0.0167905 0.24831 0.230011 0.219284 0.122739 0.0957538 0.0223826 0.0308786 0.114536 0.17603 0.0404041 1
0.306167 0.290497 0.295833 0.174592 0.447504 0.191001 0.0931115 0.138171 0.291919 0.150379 0.0664494 0.223833 0.0632333 0.0344006 0.141789 0.0950671 0.0472727 0.17742 0.15419 0.0318535 0.255069 0.371002 0.234972 0.126376 0.414251 0.143406 0.110304 0.271856 0.219397 0.0720845 1
0.46377 0.307406 0.452699 0.31508 0.325178 0.222195 0.197329 0.326839 0.420707 0.113311 0.176534 0.227811 0.158884 0.113071 0.149913 0.168594 0.0663131 0.303845 0.183317 0.0897564 0.431163 0.380597 0.399871 0.264157 0.301327 0.17911 0.185144 0.506529 0.245417 0.113079 0
0.282976 0.290159 0.27911 0.161909 0.188499 0.182842 0.0950562 0.0935885 0.411111 0.190185 0.0449756 0.207479 0.0772747 0.025043 0.0651324 0.261949 0.0871717 0.201743 0.259442 0.0970807 0.220562 0.335554 0.228597 0.107329 0.146074 0.198417 0.128115 0.227079 0.323674 0.114325 1
0.385678 0.679743 0.365697 0.244327 0.275977 0.0818048 0.109794 0.136133 0.4 0.0627633 0.129133 0.279968 0.107713 0.0720548 0.173981 0.0902605 0.0628535 0.172135 0.33247 0.0295388 0.33191 0.66338 0.297276 0.183396 0.28812 0.0692435 0.123562 0.225945 0.3288 0.0433557 0
0.222396 0.218465 0.219059 0.117497 0.543198 0.224679 0.100258 0.155666 0.400505 0.295914 0.0940793 0.175433 0.0846723 0.0387898 0.247646 0.0801214 0.0467424 0.221065 0.191901 0.0800829 0.191747 0.255064 0.180089 0.0896087 0.53774 0.116822 0.11901 0.337285 0.244234 0.165289 1
0.137015 0.327697 0.139313 0.0656628 0.432157 0.237992 0.144189 0.150547 0.44697 0.279276 0.024914 0.190461 0.0363285 0.00927908 0.249686 0.148016 0.0764899 0.210646 0.115495 0.0924167 0.100676 0.394723 0.108621 0.043256 0.559532 0.196864 0.211182 0.335017 0.208358 0.195855 1
0.250319 0.277646 0.239237 0.13684 0.308928 0.140728 0.0752343 0.131859 0.457576 0.12658 0.0806446 0.314003 0.0622909 0.0354652 0.141925 0.156578 0.0519949 0.203637 0.251843 0.0474002 0.219495 0.44936 0.192191 0.104453 0.348874 0.147675 0.109984 0.32756 0.372561 0.0913027 1
0.392778 0.429489 0.380969 0.240551 0.342512 0.263235 0.125937 0.162177 0.336869 0.278222 0.0340033 0.029924 0.0276587 0.023773 0.0536085 0.0878571 0.044798 0.113828 0.0540046 0.0580411 0.351121 0.426706 0.315703 0.193644 0.389157 0.293594 0.289936 0.421306 0.317366 0.279942 0
0.360594 0.459249 0.346762 0.221082 0.308658 0.144102 0.196579 0.261978 0.286364 0.0884583 0.110158 0.279968 0.101635 0.0489505 0.224326 0.113918 0.0855808 0.298541 0.133928 0.0682674 0.279616 0.524787 0.257931 0.140828 0.396421 0.126913 0.213658 0.46701 0.179775 0.0873672 0
0.650717 0.724045 0.635132 0.541039 0.379706 0.291148 0.320291 0.429722 0.358081 0.142797 0.38403 0.277758 0.329454 0.360289 0.0964748 0.0940908 0.0541162 0.175791 0.0814431 0.0485058 0.87371 0.936567 0.814732 0.797975 0.455194 0.230045 0.27492 0.570103 0.25685 0.178014 0
0.292915 0.287792 0.279801 0.167041 0.198881 0.12441 0.113847 0.142644 0.19899 0.11647 0.0328807 0.0717822 0.0225698 0.0188421 0.144678 0.0952174 0.0394949 0.160314 0.0428885 0.026844 0.247954 0.316365 0.222571 0.123476 0.37661 0.164168 0.14984 0.359107 0.132072 0.0932048 1
0.15519 0.16909 0.154861 0.0755461 0.41699 0.221489 0.0839035 0.101243 0.289394 0.423126 0.0820206 0.474894 0.0771333 0.0233994 0.531903 0.333899 0.0659343 0.245501 0.406202 0.202557 0.104945 0.198827 0.101997 0.0422483 0.428119 0.132249 0.0572045 0.14 0.171299 0.195723 1
0.439159 0.411566 0.44026 0.289841 0.5766 0.33409 0.421509 0.39667 0.408586 0.323505 0.16625 0.242397 0.10385 0.0951031 0.300744 0.265179 0.147449 0.224664 0.455029 0.182829 0.34863 0.351546 0.315205 0.19416 0.471703 0.178818 0.267093 0.359794 0.23083 0.160632 0
0.0975437 0.310788 0.112501 0.042842 0.424754 0.545427 0.462746 0.243936 0.641414 0.789174 0.128119 0.342733 0.141922 0.0324955 0.276439 0.478024 0.259343 0.478689 0.380312 0.241216 0.0757738 0.303305 0.0906918 0.027502 0.336327 0.337156 0.368131 0.393471 0.309482 0.330972 1
0.640305 0.612107 0.626149 0.498621 0.35172 0.269983 0.364105 0.414513 0.19596 0.125527 0.149375 0.183168 0.141827 0.118058 0.112418 0.137952 0.087298 0.206668 0.0717341 0.0688202 0.588403 0.675906 0.559241 0.414569 0.337648 0.241397 0.33115 0.537113 0.17189 0.185229 0
0.408396 0.327021 0.388432 0.260912 0.232644 0.112815 0.0986176 0.141501 0.24596 0.0941449 0.042839 0.141133 0.0366112 0.0287226 0.0378353 0.051469 0.0331061 0.098011 0.0316317 0.0155467 0.355034 0.523721 0.326162 0.197454 0.245856 0.148839 0.180511 0.294433 0.220382 0.0869081 0
0.196365 0.233683 0.184369 0.100785 0.26072 0.0581559 0.0320759 0.0680915 0.227778 0.242629 0.0108637 0.134127 0.00994204 0.00542027 0.141755 0.0301244 0.0237323 0.117238 0.171779 0.0512006 0.133404 0.220416 0.119229 0.0579778 0.210196 0.0338602 0.0365815 0.138969 0.161246 0.103568 1
0.124237 0.241123 0.12335 0.0581124 0.290512 0.223606 0.197329 0.113917 0.492929 0.448399 0.0263987 0.128779 0.0316638 0.00983941 0.144168 0.243774 0.12697 0.161205 0.135335 0.108343 0.10032 0.29451 0.10379 0.0413881 0.344251 0.304945 0.346725 0.279038 0.279322 0.283419 1
0.667755 0.570172 0.683505 0.495228 0.554934 0.809214 0.582708 0.743539 0.674242 0.505897 0.187688 0.0889984 0.172313 0.139444 0.0863446 0.340508 0.0977778 0.296837 0.142089 0.152012 0.667022 0.571962 0.62797 0.467902 0.514627 0.709327 0.541534 0.997595 0.49931 0.481175 0
0.624686 0.482246 0.690415 0.467232 0.685836 1 0.879569 0.797217 0.932323 0.662595 0.297012 0.336987 0.371861 0.204704 0.294626 0.496425 0.275505 0.491192 1 0.17592 0.549271 0.525053 0.597092 0.353372 0.612362 0.571557 0.613498 0.861856 0.763848 0.292536 0
0.412656 0.358471 0.396724 0.264305 0.391261 0.210447 0.154475 0.257903 0.281818 0.11647 0.0935723 0.174549 0.0776987 0.0638366 0.0990244 0.153048 0.0493434 0.185016 0.106771 0.0530316 0.433298 0.554371 0.392898 0.266368 0.463779 0.317655 0.231789 0.529553 0.369012 0.205103 0
0.817313 0.354751 0.845899 0.686108 0.831182 0.81995 1 1 0.805556 0.396167 0.506066 0.609927 0.426424 0.422486 0.734847 0.71956 0.322727 0.345141 0.528902 0.310244 0.643543 0.31903 0.649883 0.46397 0.650003 0.385278 0.463498 0.772509 0.326631 0.164305 0
0.354442 0.51674 0.359478 0.217561 0.322651 0.317833 0.23641 0.19334 0.410101 0.283277 0.0516748 0.158858 0.0875465 0.0304596 0.184417 0.332547 0.0966919 0.220117 0.180081 0.180204 0.294913 0.52532 0.314209 0.153288 0.414911 0.381203 0.322684 0.414089 0.319732 0.309983 1
0.378106 0.339872 0.357335 0.231898 0.285095 0.104718 0.0456186 0.0963718 0.229798 0.0568661 0.0262538 0.155764 0.0249258 0.0183751 0.0653024 0.0430423 0.0208788 0.121841 0.159819 0.0215927 0.286375 0.367804 0.258429 0.146702 0.220102 0.0704951 0.061901 0.197732 0.213089 0.0381084 1
0.15519 0.0848833 0.151752 0.0755461 0.427282 0.171891 0.0450562 0.0978131 0.373737 0.331298 0.0288249 0.0414383 0.0278471 0.00948453 0.134922 0.085604 0.0214545 0.131256 0.161789 0.0509933 0.122732 0.0967484 0.113651 0.0514402 0.416892 0.133607 0.0688099 0.230103 0.270451 0.145481 1
0.214823 0.305715 0.204201 0.112619 0.384671 0.108429 0.071134 0.113221 0.434343 0.19187 0.0772768 0.132359 0.0671913 0.031132 0.22487 0.0485925 0.0340657 0.164236 0.341898 0.0515115 0.174671 0.278518 0.156382 0.078893 0.354817 0.058125 0.072492 0.217045 0.343189 0.100485 1
0.275403 0.26209 0.271301 0.15474 0.251061 0.213392 0.173149 0.202932 0.259596 0.158804 0.0913996 0.199965 0.0900438 0.0443931 0.12605 0.244224 0.114773 0.262171 0.15208 0.109587 0.206688 0.240938 0.200757 0.0997346 0.159612 0.149324 0.151837 0.285086 0.0833826 0.1016 1
0.362488 0.241461 0.348421 0.221633 0.304956 0.146003 0.121649 0.138718 0.176263 0.0756108 0.0394351 0.142725 0.0336427 0.0246135 0.061937 0.0877069 0.0454545 0.116386 0.0655429 0.0111936 0.303451 0.357676 0.276856 0.15872 0.284158 0.174356 0.194649 0.269003 0.175439 0.0716253 1
0.278243 0.122083 0.269712 0.153256 0.548614 0.211521 0.0890347 0.168986 0.243939 0.31171 0.0397248 0.150681 0.0403807 0.0182444 0.142673 0.134497 0.0480303 0.191514 0.0582259 0.0764208 0.21736 0.241471 0.211116 0.101824 0.551608 0.189976 0.143051 0.396907 0.161049 0.199987 1
0.326045 0.219817 0.309101 0.190965 0.314165 0.109012 0.0351921 0.103777 0.183838 0.186816 0.051711 0.221623 0.0461763 0.026033 0.133426 0.0427119 0.0132677 0.114453 0.106349 0.0411816 0.255425 0.361407 0.230739 0.125147 0.291422 0.0713198 0.0422125 0.190928 0.157106 0.105536 1
0.109518 0.141698 0.111741 0.0484836 0.762571 0.3163 0.0780693 0.120328 0.574242 0.56866 0.0877422 0.170129 0.0768506 0.0239597 0.467315 0.173852 0.0554798 0.299299 0.451511 0.103852 0.0939167 0.155117 0.0868071 0.0347523 0.7517 0.176975 0.0798403 0.249553 0.41711 0.228125 1
0.27919 0.287792 0.280976 0.148293 0.624447 0.450034 0.113051 0.263569 0.327778 0.475358 0.119899 0.178748 0.11398 0.0514907 0.121018 0.158005 0.0354798 0.235651 0.144622 0.0830541 0.253291 0.329158 0.243538 0.120306 0.491514 0.260801 0.0995208 0.376632 0.200473 0.222288 1
0.137015 0.255665 0.132195 0.0644327 0.50799 0.162383 0.0411434 0.0970179 0.441414 0.271483 0.0370089 0.216982 0.0358102 0.010325 0.272156 0.0768919 0.0201389 0.142584 0.200062 0.0544826 0.0885806 0.298507 0.0830221 0.0359811 0.464439 0.0945077 0.0496246 0.192027 0.280702 0.123049 1
0.282029 0.218465 0.2722 0.154443 0.416719 0.211582 0.0772259 0.118787 0.340909 0.25358 0.0124208 0.120403 0.011332 0.00851329 0.0399089 0.0795956 0.0407323 0.138435 0.15222 0.0372085 0.210957 0.293177 0.195627 0.0972523 0.303969 0.163489 0.144569 0.288247 0.341415 0.152827 1
0.24606 0.274941 0.234953 0.130477 0.468268 0.157015 0.0583411 0.146173 0.424242 0.345198 0.0921963 0.254332 0.0778872 0.0329437 0.126457 0.0716346 0.0285606 0.287744 0.201469 0.0868198 0.174315 0.237207 0.158026 0.0761895 0.282837 0.0643149 0.0397764 0.202131 0.130495 0.122786 1
0.78229 0.492391 0.769194 0.68017 0.489934 0.33409 0.540769 0.700795 0.372222 0.107414 0.325005 0.124713 0.268812 0.293796 0.155658 0.131117 0.0904545 0.246448 0.0972027 0.0768008 0.808965 0.498667 0.75696 0.668698 0.530476 0.233344 0.384904 0.717869 0.202641 0.14653 0
0.225709 0.265472 0.221823 0.118515 0.493545 0.238482 0.123758 0.220676 0.271717 0.354044 0.118378 0.341849 0.112708 0.0445612 0.165687 0.119401 0.0438636 0.24929 0.147296 0.0491622 0.19815 0.425373 0.1898 0.0902232 0.420855 0.153399 0.109105 0.347079 0.179972 0.147776 1
0.34119 0.476835 0.339161 0.198176 0.379164 0.341145 0.261246 0.321173 0.593434 0.302654 0.111968 0.328147 0.130849 0.0451963 0.311623 0.261724 0.0931313 0.308202 0.522148 0.133805 0.317681 0.608475 0.321679 0.153878 0.559532 0.367329 0.299042 0.608935 0.622708 0.311951 0
0.644564 0.66351 0.665538 0.475716 0.588336 0.790197 0.823336 0.755467 0.675253 0.425442 0.222524 0.272896 0.2363 0.148335 0.163477 0.445579 0.179722 0.315211 0.216103 0.18276 0.633582 0.730277 0.66831 0.402035 0.619626 0.815758 0.74976 0.910653 0.497142 0.452315 0
0.318472 0.376057 0.32071 0.184263 0.598267 0.445126 0.219447 0.297465 0.573737 0.51706 0.170922 0.224717 0.146021 0.082477 0.241085 0.210578 0.0628283 0.274294 0.0981877 0.156055 0.324795 0.429637 0.299766 0.174941 0.622268 0.330753 0.213898 0.534708 0.321506 0.393939 0
0.957878 0.411228 0.955774 0.893531 0.512503 0.527636 0.67268 0.9334 0.373737 0.163016 0.262394 0.247702 0.238562 0.227677 0.0991943 0.173626 0.0785101 0.235082 0.110711 0.0639834 0.896122 0.555171 0.848598 0.744888 0.50208 0.364904 0.426518 0.923711 0.254485 0.169094 0
0.476549 0.316875 0.481031 0.31877 0.554934 0.422735 0.447516 0.54175 0.540909 0.279907 0.0667753 0.0704562 0.0657777 0.0470267 0.129823 0.133896 0.0771465 0.262171 0.0547082 0.0497841 0.414799 0.343017 0.413815 0.246707 0.654626 0.355202 0.400799 0.873883 0.304356 0.233307 0
0.606702 0.400744 0.59367 0.46087 0.371942 0.341145 0.298032 0.431958 0.522222 0.12321 0.305559 0.182505 0.26999 0.219646 0.173063 0.221092 0.0870202 0.324304 0.15602 0.108827 0.633227 0.442964 0.597092 0.44824 0.423496 0.287384 0.288898 0.62543 0.296669 0.180441 0
0.863221 0.514035 0.882524 0.735737 0.484517 0.75799 0.782334 0.916998 0.388384 0.376158 0.284556 0.246155 0.312161 0.211428 0.219363 0.410656 0.144697 0.384543 0.0389486 0.172672 0.78513 0.575693 0.803277 0.584153 0.568778 0.56302 0.517252 0.985223 0.155726 0.328348 0
0.122391 0.209672 0.113468 0.0577306 0.288977 0.0659162 0.0387067 0.0828529 0.24798 0.296335 0.0375521 0.10385 0.0215804 0.010904 0.337458 0.0611951 0.0299495 0.182288 0.224405 0.0913802 0.0917823 0.190298 0.0763484 0.0370379 0.523212 0.0658381 0.0571965 0.248179 0.234969 0.17539 1
0.333144 0.201217 0.316495 0.196394 0.244019 0.111742 0.0488988 0.131809 0.267172 0.124263 0.0371899 0.06513 0.0400038 0.02325 0.106197 0.0524679 0.0232652 0.203826 0.0538639 0.0417689 0.24831 0.194296 0.229693 0.123796 0.212838 0.072193 0.05 0.282337 0.112557 0.0791028 1
0.514411 0.11904 0.489323 0.359958 0.232464 0.13125 0.104147 0.207654 0.0808081 0.0520219 0.134673 0.151565 0.113368 0.0824583 0.0902879 0.0452279 0.0291162 0.140879 0.072297 0.014303 0.422981 0.170576 0.381941 0.251868 0.181272 0.0703108 0.0837061 0.286632 0.0429726 0.0240719 1
0.762412 0.342239 0.748462 0.652598 0.368241 0.331636 0.39269 0.498509 0.224747 0.10278 0.427123 0.0850866 0.41832 0.323867 0.137336 0.235137 0.100404 0.408411 0.198796 0.0691657 0.813234 0.315832 0.802281 0.638223 0.321799 0.325222 0.303035 0.778007 0.264735 0.116293 0
0.237068 0.513358 0.233709 0.12632 0.454726 0.223299 0.127484 0.212425 0.383838 0.39048 0.054608 0.186483 0.0522075 0.0235115 0.224598 0.135173 0.0589394 0.315401 0.18374 0.0960097 0.179651 0.488806 0.16968 0.0807855 0.39576 0.150294 0.128514 0.413058 0.203824 0.180178 1
0.188319 0.267501 0.18658 0.09421 0.399386 0.239679 0.123313 0.138569 0.282323 0.297388 0.0141952 0.270244 0.0192244 0.00614123 0.264745 0.236789 0.111136 0.254973 0.0751112 0.0911729 0.13127 0.386194 0.129588 0.0546353 0.473024 0.217045 0.169569 0.338866 0.142716 0.181949 1
0.369114 0.481231 0.370465 0.222609 0.58292 0.394209 0.29686 0.448757 0.45101 0.3492 0.0891544 0.203501 0.0797719 0.0531156 0.16963 0.156578 0.0584596 0.224285 0.156442 0.080463 0.333689 0.569563 0.319687 0.181847 0.618306 0.304945 0.241534 0.554639 0.346146 0.223468 0
0.628473 0.450457 0.612328 0.475292 0.344407 0.343292 0.343252 0.431561 0.522727 0.137532 0.233967 0.25389 0.17891 0.151416 0.146276 0.2446 0.106869 0.240386 0.262959 0.121472 0.579509 0.521588 0.526371 0.384585 0.315856 0.316879 0.327316 0.54055 0.418687 0.187853 0
0.34403 0.406155 0.344413 0.207635 0.411664 0.277345 0.309044 0.278231 0.416667 0.237784 0.0631903 0.145598 0.0895255 0.0338216 0.141585 0.208024 0.121591 0.219928 0.174453 0.108032 0.283173 0.488806 0.327656 0.151003 0.484911 0.384696 0.414217 0.497251 0.399369 0.30408 0
0.415022 0.356442 0.406399 0.262057 0.450212 0.309858 0.268744 0.321173 0.441919 0.275274 0.0853884 0.123917 0.0700655 0.0474189 0.103784 0.161384 0.060202 0.163611 0.138431 0.07725 0.413732 0.48694 0.375965 0.221884 0.55491 0.408175 0.317572 0.508247 0.478612 0.336875 0
0.58777 0.466351 0.589524 0.429056 0.452018 0.418441 0.480084 0.44165 0.463636 0.211457 0.149484 0.318644 0.154549 0.100127 0.302444 0.227326 0.0988636 0.295321 0.196685 0.10551 0.488083 0.493337 0.470591 0.302743 0.496137 0.26148 0.276198 0.537457 0.2671 0.138397 0
0.300961 0.207981 0.295073 0.159703 0.498059 0.411386 0.273899 0.347266 0.445455 0.401432 0.0631903 0.144935 0.0366583 0.0115017 0.172723 0.251585 0.100505 0.261981 0.189368 0.128105 0.270366 0.297708 0.23034 0.105609 0.544344 0.438348 0.388019 0.586942 0.386753 0.305392 1
0.15093 0.174839 0.143459 0.0714316 0.548614 0.187811 0.0253983 0.0641153 0.85 0.413648 0.146406 0.238861 0.120388 0.0519576 0.197199 0.0656262 0.0193561 0.1552 0.477683 0.174745 0.109925 0.144723 0.0968674 0.0450747 0.371987 0.0692435 0.0173163 0.0886254 0.392667 0.165027 1
0.114345 0.404802 0.11029 0.0531495 0.24429 0.126219 0.0875117 0.0254871 0.108081 0.363943 0.00257107 0.181621 0.0196485 0 0.129245 0.183916 0.0943182 0.0971396 0.163618 0.127414 0.0723942 0.42564 0.0806813 0.0284605 0.247177 0.156601 0.149201 0.08811 0.159866 0.242818 1
0.438213 0.306392 0.449243 0.280636 0.487226 0.493283 0.45642 0.449901 0.412121 0.355518 0.0636611 0.123121 0.0804316 0.0397611 0.0968828 0.244525 0.0977778 0.229021 0.084398 0.110071 0.377801 0.348348 0.380945 0.207875 0.43142 0.430102 0.401438 0.595189 0.237532 0.336219 0
0.596763 0.285424 0.60058 0.454083 0.535976 0.451567 0.587629 0.639165 0.488384 0.228728 0.22629 0.152007 0.190124 0.1686 0.0796818 0.154099 0.101742 0.246827 0.12633 0.0837105 0.668801 0.382996 0.620001 0.503048 0.479628 0.346664 0.54393 0.772165 0.40962 0.243933 0
0.257419 0.18025 0.240619 0.141251 0.240408 0.0446292 0.024672 0.0550696 0.245455 0.159646 0.00137606 0.0694616 0 0.00411656 0.0527586 0.020113 0.0163965 0.0712635 0.131114 0.016065 0.187478 0.222548 0.166542 0.0880358 0.214819 0.0489663 0.0498642 0.139244 0.263355 0.0838908 1
0.232808 0.167061 0.237164 0.122715 0.564864 0.338077 0.086926 0.149254 0.472222 0.598779 0.103096 0.0648868 0.106677 0.0340457 0.287487 0.339156 0.0704293 0.210267 0.329093 0.294628 0.185699 0.11967 0.178545 0.0797287 0.470382 0.217724 0.0752396 0.207629 0.229056 0.31851 1
0.474656 0.356781 0.455463 0.322715 0.316783 0.164591 0.16284 0.267893 0.487879 0.0478096 0.171754 0.109441 0.1578 0.115163 0.11303 0.0959684 0.0491414 0.21273 0.211882 0.0582484 0.42227 0.347281 0.396384 0.251868 0.263686 0.117696 0.154313 0.376632 0.337079 0.0632953 0
0.357281 0.144403 0.346002 0.212386 0.517017 0.224035 0.161551 0.322813 0.29798 0.236942 0.0704327 0.0798046 0.0653065 0.0352971 0.150253 0.0770421 0.0407828 0.215192 0.19964 0.0921748 0.279972 0.130864 0.262413 0.138788 0.419534 0.116919 0.109665 0.367354 0.205204 0.151253 1
0.3729 0.456544 0.391196 0.223924 0.467365 0.54788 0.39761 0.441253 0.341919 0.352991 0.0608727 0.133045 0.133534 0.0343632 0.216473 0.367771 0.140177 0.356696 0.2472 0.118051 0.289932 0.420043 0.339609 0.147341 0.399062 0.424474 0.366534 0.593471 0.28287 0.209694 0
0.196365 0.430504 0.191417 0.0996394 0.388463 0.19189 0.113027 0.112177 0.489899 0.327717 0.0610176 0.244607 0.0582858 0.0206351 0.0605772 0.21223 0.0869949 0.193976 0.298841 0.132251 0.1455 0.432836 0.136411 0.0617873 0.247837 0.146414 0.12492 0.220378 0.316184 0.165814 1
0.24606 0.365573 0.231014 0.133701 0.248262 0.0644132 0.0558341 0.0879722 0.342929 0.143429 0.0292957 0.267592 0.0200726 0.0147143 0.114458 0.0288852 0.0269949 0.128755 0.0926999 0.0220073 0.192458 0.554904 0.170178 0.0891172 0.271611 0.0595027 0.0914537 0.255361 0.222551 0.090122 1
0.264991 0.293879 0.24905 0.146554 0.282568 0.069873 0.00435801 0.0145328 0.321717 0.180918 0.0580844 0.21875 0.0454224 0.0292269 0.158752 0.0432301 0.00469697 0.0553893 0.250858 0.0386941 0.19815 0.294776 0.175059 0.0931233 0.215479 0.0377895 0.00445607 0.0301443 0.185295 0.0608028 1
0.603389 0.341901 0.60058 0.450689 0.483615 0.507699 0.566307 0.484095 0.339899 0.358256 0.237045 0.0927776 0.158225 0.160643 0.230105 0.362889 0.171717 0.373366 0.0955142 0.219865 0.617218 0.361674 0.544798 0.429562 0.659249 0.55128 0.678035 0.861512 0.233392 0.489702 0
0.30664 0.305715 0.301638 0.172895 0.495351 0.289614 0.0984302 0.15666 0.334848 0.278222 0.0319754 0.0544997 0.0323234 0.0173105 0.0917837 0.0914621 0.0381061 0.139591 0.0796139 0.0308171 0.263963 0.350213 0.256437 0.13139 0.602457 0.276615 0.211981 0.490378 0.384979 0.207333 1
0.187373 0.300304 0.183816 0.0960764 0.431254 0.169376 0.115839 0.145726 0.215152 0.340986 0.0970849 0.305605 0.106535 0.0354465 0.265357 0.143359 0.0502525 0.218791 0.181629 0.0623942 0.159018 0.361407 0.161114 0.0705859 0.4301 0.133025 0.11278 0.271031 0.135226 0.146137 1
0.255999 0.262766 0.254647 0.135483 0.465559 0.338384 0.138051 0.143141 0.363131 0.335299 0.0540648 0.113331 0.0640814 0.0231566 0.170038 0.261348 0.120126 0.199091 0.147718 0.20691 0.222341 0.296109 0.223218 0.102069 0.472363 0.322118 0.25607 0.336907 0.247191 0.372294 1
0.359648 0.133581 0.348974 0.218579 0.412476 0.214097 0.192643 0.216153 0.342929 0.135636 0.110447 0.0582346 0.0850021 0.0566084 0.11014 0.119176 0.0766414 0.163819 0.105645 0.0478839 0.314123 0.139126 0.289307 0.166339 0.337648 0.160579 0.199042 0.31567 0.209146 0.101272 1
0.434427 0.400068 0.431276 0.28263 0.434865 0.334397 0.244377 0.278976 0.555556 0.1885 0.116495 0.199965 0.0983367 0.0688796 0.107557 0.12969 0.0560354 0.174863 0.105082 0.0510624 0.41053 0.523987 0.39489 0.243266 0.451232 0.269921 0.238978 0.450859 0.377489 0.138725 0
0.127124 0.296923 0.122314 0.0617603 0.332491 0.132507 0.0690722 0.0752485 0.59495 0.298442 0.0963607 0.21875 0.0853791 0.0297498 0.196757 0.132469 0.0685354 0.187213 0.164884 0.104267 0.114194 0.362473 0.101947 0.0491545 0.344912 0.123129 0.101997 0.22543 0.317169 0.198085 1
0.502579 0.460602 0.519729 0.355037 0.363456 0.555242 0.500469 0.498012 0.321212 0.499789 0.295999 0.244165 0.237667 0.183224 0.171771 0.510695 0.166439 0.437772 0.1245 0.359475 0.485237 0.449094 0.464117 0.307658 0.327082 0.437766 0.41254 0.685911 0.145082 0.441821 0
0.245113 0.281366 0.238408 0.132259 0.34522 0.180971 0.0683224 0.0758946 0.20404 0.271272 0.039073 0.183389 0.0433963 0.0176654 0.108713 0.10821 0.0352778 0.0977647 0.0936849 0.03327 0.192458 0.422441 0.191344 0.0890189 0.327742 0.194633 0.129393 0.195533 0.16578 0.14594 1
0.698992 0.381468 0.715293 0.57158 0.373567 0.542053 0.514292 0.540755 0.333838 0.252317 0.38222 0.219192 0.382133 0.280162 0.135092 0.355604 0.159823 0.2957 0.159819 0.128485 0.72074 0.430704 0.724588 0.540405 0.370006 0.431945 0.463818 0.632646 0.249951 0.219992 0
0.284869 0.409537 0.302052 0.159618 0.674099 0.533157 0.435567 0.464861 0.651515 0.504002 0.0705414 0.141841 0.0776987 0.0327196 0.136588 0.246102 0.0897222 0.232241 0.190634 0.0986008 0.268943 0.498667 0.277852 0.136183 0.654626 0.497531 0.430511 0.707904 0.554504 0.342123 0
0.206304 0.300981 0.200194 0.105069 0.471879 0.201245 0.100797 0.128926 0.437879 0.255897 0.047619 0.143609 0.0345851 0.0212702 0.233334 0.106333 0.053005 0.209699 0.231581 0.0111245 0.161508 0.293443 0.143135 0.0721097 0.509344 0.126233 0.129712 0.29354 0.294697 0.0838908 1
0.21577 0.0341562 0.206897 0.112662 0.300984 0.123643 0.0320291 0.0442694 0.390404 0.232519 0.0071338 0 0.0164915 0.00492344 0.0819594 0.0837264 0.0253283 0.0884069 0.175015 0.0365175 0.156884 0.0226546 0.153494 0.0694554 0.251139 0.131278 0.0664856 0.162027 0.359748 0.126591 1
0.475129 0.482584 0.476885 0.320594 0.605489 0.399423 0.566307 0.597913 0.6 0.291912 0.177223 0.229358 0.152759 0.113893 0.22283 0.214558 0.127323 0.210646 0.184865 0.102228 0.46069 0.534915 0.426764 0.284801 0.60906 0.318819 0.446326 0.634708 0.387345 0.19533 0
0.506366 0.373013 0.508673 0.347911 0.531462 0.451261 0.43463 0.523857 0.460101 0.24642 0.253413 0.2298 0.225369 0.162698 0.248972 0.355154 0.131465 0.34874 0.139275 0.140715 0.446105 0.348881 0.410827 0.274479 0.46642 0.312901 0.286182 0.520619 0.177016 0.14653 0
0.287236 0.139669 0.268952 0.164199 0.278866 0.0551193 0.0106818 0.0438817 0.198485 0.109941 0.103567 0.103496 0.0852848 0.0489505 0.0827753 0.0184682 0.00714899 0.0913241 0.0891822 0.0476075 0.241907 0.14339 0.216893 0.11974 0.200951 0.030251 0.0145687 0.121375 0.10684 0.0705759 1
0.278716 0.219817 0.266671 0.156394 0.375734 0.131311 0.0913777 0.0802684 0.479798 0.162805 0.044541 0.189798 0.0371766 0.0213635 0.129347 0.146664 0.0653788 0.119909 0.253954 0.0435999 0.21238 0.309701 0.193536 0.101332 0.35944 0.148936 0.159105 0.198625 0.401932 0.102191 1
0.381892 0.316537 0.369498 0.236861 0.356775 0.204251 0.175398 0.215457 0.25303 0.193555 0.0994025 0.185157 0.0882533 0.0591859 0.110106 0.105507 0.0749242 0.1785 0.0511904 0.0284332 0.343294 0.427505 0.315703 0.192145 0.352836 0.177363 0.228914 0.38488 0.141336 0.0951069 0
0.331251 0.335137 0.327068 0.193425 0.481809 0.28808 0.263824 0.321223 0.307576 0.326032 0.0395799 0.131078 0.0398153 0.0225029 0.122412 0.117598 0.0551768 0.181228 0.0611808 0.0674037 0.324084 0.500533 0.316201 0.168133 0.595193 0.319692 0.325 0.627835 0.318155 0.330972 0
0.259785 0.300643 0.257757 0.143542 0.424483 0.265076 0.187559 0.189911 0.436869 0.290017 0.10306 0.151123 0.0819865 0.0438702 0.178128 0.126611 0.0682071 0.196439 0.139838 0.0929694 0.250445 0.336354 0.227302 0.121092 0.471703 0.204238 0.213339 0.348797 0.28563 0.212908 1
0.365801 0.401759 0.357681 0.217773 0.551323 0.359242 0.302952 0.403728 0.488384 0.371104 0.112656 0.174549 0.0932008 0.0621743 0.0661522 0.19751 0.0649495 0.240955 0.144763 0.111004 0.353611 0.497868 0.325166 0.196692 0.433402 0.389741 0.286502 0.630241 0.420461 0.356553 0
0.315159 0.199188 0.301223 0.18316 0.375553 0.143918 0.110239 0.185437 0.331818 0.139848 0.0770234 0.0665223 0.0583801 0.0380801 0.161709 0.0768168 0.0457071 0.208941 0.15616 0.0310589 0.246176 0.187367 0.21764 0.122444 0.373968 0.0987766 0.122444 0.316907 0.190223 0.0659845 1
0.483175 0.417991 0.468592 0.332895 0.402907 0.216459 0.212301 0.324404 0.407576 0.122999 0.111823 0.0835617 0.0971587 0.0721295 0.0945032 0.0736624 0.0517172 0.187062 0.0500647 0.0234928 0.485592 0.461354 0.448678 0.307413 0.558872 0.222575 0.310623 0.681787 0.325448 0.135511 0
0.329358 0.11701 0.321471 0.191177 0.65153 0.239771 0.236645 0.328777 0.462626 0.307709 0.157378 0.50274 0.157094 0.0708594 0.283068 0.22695 0.120278 0.540443 0.13041 0.160062 0.237994 0.0895522 0.219682 0.115046 0.450571 0.105859 0.124521 0.348797 0.117288 0.114719 1
0.21861 0.292526 0.207933 0.114189 0.292949 0.120146 0.0788894 0.0883201 0.230303 0.181761 0.0253848 0.0895951 0.0257268 0.011371 0.169834 0.110839 0.0525253 0.142016 0.187961 0.0647089 0.172181 0.319829 0.160715 0.076165 0.416232 0.148936 0.148562 0.284811 0.324266 0.154729 1
0.284869 0.521474 0.268261 0.159788 0.280401 0.0961597 0.0282568 0.0875746 0.306566 0.0954086 0.0545356 0.192671 0.0424068 0.0268735 0.147568 0.0504852 0.014346 0.120023 0.0600552 0.0213854 0.228033 0.529318 0.20245 0.108951 0.334346 0.0795665 0.035639 0.203471 0.146067 0.0516201 1
0.433007 0.370984 0.444406 0.277964 0.581114 0.560763 0.403468 0.510934 0.557576 0.497051 0.165743 0.157532 0.145927 0.0884912 0.18061 0.170923 0.080505 0.24569 0.126752 0.112178 0.463536 0.518657 0.430251 0.277674 0.711418 0.384211 0.382109 0.712371 0.422038 0.388036 0
0.119409 0.0923233 0.114367 0.0553128 0.449309 0.139685 0.0692596 0.103181 0.381313 0.402064 0.0600398 0.136271 0.0542807 0.0166194 0.268314 0.090636 0.0501263 0.26918 0.174312 0.0716186 0.0818214 0.0970149 0.0733104 0.0318767 0.404345 0.0849026 0.0708227 0.213986 0.174453 0.148826 1
0.551328 0.520798 0.559809 0.400636 0.48542 0.519355 0.543346 0.61829 0.567172 0.252949 0.260438 0.244386 0.226971 0.183411 0.154163 0.236489 0.131212 0.21936 0.171498 0.126619 0.541444 0.586087 0.548284 0.364923 0.514627 0.386539 0.489856 0.635052 0.370392 0.280598 0
0.354915 0.397362 0.348697 0.214083 0.377449 0.24566 0.282099 0.245427 0.512626 0.134794 0.111859 0.411024 0.11987 0.0598956 0.260258 0.207123 0.135631 0.333586 0.22933 0.0813267 0.294557 0.459222 0.288809 0.153288 0.392459 0.165236 0.267492 0.420962 0.286813 0.0880231 0
0.392304 0.108218 0.375786 0.246872 0.263519 0.131648 0.138051 0.156909 0.15101 0.111626 0.0369002 0.000574614 0.0361872 0.0246508 0.0876364 0.0759155 0.0464899 0.139667 0.0233157 0.0262912 0.336179 0.103945 0.315205 0.183715 0.336987 0.18561 0.236581 0.35567 0.148827 0.129214 1
0.521037 0.0226581 0.545989 0.363733 0.593753 0.792037 0.70314 0.731113 0.686364 0.605518 0.356147 0.120469 0.369034 0.273811 0.159296 0.351398 0.135682 0.300625 0.311645 0.183037 0.620775 0.141525 0.66831 0.450698 0.601136 0.619292 0.56861 0.912027 0.598462 0.418864 0
0.415022 0.32161 0.437496 0.260912 0.647016 0.665665 0.682755 0.617296 0.664141 0.549073 0.148072 0.213004 0.128163 0.0829626 0.258898 0.475696 0.251338 0.432468 0.669049 0.222318 0.335468 0.323827 0.343593 0.179439 0.553589 0.463089 0.548882 0.733677 0.528287 0.327693 0
0.355862 0.0399053 0.348905 0.210901 0.518823 0.277652 0.20717 0.287177 0.40202 0.296125 0.0656889 0.109795 0.055176 0.0324768 0.0715573 0.0789197 0.0727778 0.227316 0.157849 0.0660909 0.276414 0.105544 0.260919 0.137706 0.397081 0.146996 0.204473 0.419588 0.26099 0.164109 1
0.384259 0.4163 0.369498 0.241485 0.342421 0.157751 0.123079 0.165706 0.280808 0.144903 0.0720623 0.10469 0.063139 0.0431604 0.10069 0.060444 0.0404798 0.174692 0.0431699 0.0253584 0.361793 0.524254 0.335126 0.207629 0.447269 0.173094 0.216613 0.525773 0.218805 0.155385 0
0.543282 0.297937 0.534241 0.395122 0.416268 0.263542 0.312793 0.437127 0.541414 0.216091 0.213 0.246376 0.189653 0.137838 0.161743 0.106934 0.0708586 0.26899 0.222576 0.0988081 0.533618 0.417377 0.506948 0.348457 0.453213 0.176199 0.252157 0.564261 0.41987 0.201692 0
0.344976 0.434224 0.34538 0.206278 0.461948 0.294522 0.342784 0.305119 0.437374 0.207666 0.0330255 0.329473 0.0536211 0.0219239 0.149573 0.177081 0.117298 0.241712 0.0932628 0.0988426 0.261829 0.593017 0.26839 0.133479 0.441326 0.23868 0.338179 0.468041 0.223339 0.186737 0
0.202991 0.195807 0.204478 0.105408 0.28004 0.282253 0.235942 0.137028 0.378788 0.475148 0.0793047 0.156206 0.0853791 0.0301981 0.294626 0.483958 0.239192 0.387763 0.060618 0.39506 0.146211 0.184168 0.146023 0.0650806 0.257743 0.246054 0.241294 0.284261 0.116696 0.323101 1
0.0354016 0.533649 0.0289545 0.0149735 0.255936 0.0901785 0 0 0.409091 0.482098 0.0963969 0.243502 0.0817509 0.0230445 0.372132 0.0558777 0 0 0.294619 0.206495 0.040804 0.503731 0.033667 0.0154345 0.35944 0.0544382 0 0 0.294303 0.29083 1
0.576885 0.510315 0.612328 0.415483 0.404171 0.694497 0.483833 0.555666 0.675253 0.590565 0.305631 0.708937 0.485935 0.20433 0.0484754 0.606228 0.224495 0.774768 0.520037 0.412679 0.463536 0.477612 0.504457 0.281852 0.214819 0.352194 0.290655 0.607216 0.317564 0.309983 0
0.593923 0.310788 0.592288 0.455355 0.563059 0.444206 0.514761 0.527833 0.369697 0.327717 0.361941 0.17698 0.305329 0.235709 0.147636 0.223646 0.142374 0.328282 0.15419 0.134462 0.640342 0.378998 0.601076 0.459054 0.517269 0.372859 0.488898 0.680412 0.276562 0.29024 0
0.361541 0.483936 0.350909 0.220233 0.335019 0.204527 0.0726804 0.146968 0.315657 0.183235 0.094369 0.16593 0.0717147 0.0503513 0.107251 0.119626 0.0283081 0.163023 0.182473 0.0690275 0.291 0.45549 0.261417 0.15201 0.266328 0.144861 0.0733946 0.238694 0.188646 0.11426 1
0.279663 0.11532 0.263285 0.157964 0.152749 0.0549353 0.0529522 0.0582008 0.139899 0.12321 0.0151005 0.0240453 0.0168685 0.0109787 0.102594 0.0841019 0.0417172 0.111858 0.116902 0.0409743 0.202419 0.0938166 0.184222 0.0962937 0.165027 0.0848056 0.0947284 0.184399 0.146659 0.0925489 1
0.401297 0.0737234 0.405708 0.251707 0.659655 0.41752 0.476101 0.545229 0.457576 0.436605 0.112041 0.0658814 0.0964991 0.0706727 0.125098 0.157404 0.108662 0.250047 0.141245 0.113077 0.386339 0.133795 0.371483 0.225324 0.541042 0.321148 0.465655 0.627835 0.325448 0.301456 0
0.223816 0.235374 0.213738 0.118812 0.473684 0.127508 0.0841612 0.129225 0.140909 0.199874 0.12218 0.474673 0.117844 0.0514907 0.165381 0.0867306 0.0672222 0.247585 0.0803174 0.0971498 0.192102 0.358742 0.178047 0.0888468 0.369346 0.0732602 0.0835463 0.23945 0.028977 0.120622 1
0.638885 0.397362 0.613019 0.493107 0.279137 0.196614 0.211856 0.299304 0.205556 0.0381214 0.208546 0.15046 0.20671 0.143254 0.212326 0.218389 0.1075 0.316537 0.0777847 0.104958 0.579509 0.377132 0.554261 0.384585 0.34095 0.197737 0.252236 0.496564 0.132663 0.106454 0
0.290075 0.197836 0.300048 0.16403 0.786946 0.481934 0.485239 0.477187 0.436869 0.567818 0.101141 0.124558 0.0778872 0.0520323 0.185233 0.20179 0.138207 0.262929 0.106771 0.214303 0.298115 0.276652 0.278849 0.157786 0.759625 0.37121 0.509265 0.682474 0.311847 0.56054 0
0.27919 0.649645 0.267501 0.157285 0.258193 0.119195 0.14515 0.116451 0.255556 0.149958 0.0362484 0.22096 0.0351034 0.01873 0.227725 0.144786 0.0984343 0.144346 0.127596 0.065849 0.212024 0.632196 0.191394 0.10089 0.340289 0.130696 0.194808 0.223127 0.159077 0.113997 1
0.578778 0.299628 0.564647 0.427784 0.47549 0.329182 0.309981 0.447018 0.432828 0.203244 0.223067 0.184052 0.192244 0.178742 0.161301 0.156277 0.0743687 0.291343 0.149688 0.0591812 0.647812 0.429637 0.596095 0.481665 0.602457 0.314162 0.309824 0.718557 0.388725 0.182999 0
0.351129 0.584376 0.334877 0.213192 0.15636 0.100761 0.0814433 0.086332 0.326768 0.0920388 0.0434546 0.121773 0.0457051 0.0256221 0.12384 0.109187 0.0497727 0.120667 0.0880565 0.0344446 0.265742 0.531983 0.248967 0.135028 0.201611 0.115173 0.117572 0.191168 0.153755 0.0629674 1
0.393724 0.526209 0.405017 0.249799 0.50167 0.461076 0.39433 0.43494 0.437374 0.32519 0.118595 0.144051 0.129152 0.0685434 0.119659 0.212681 0.090303 0.205152 0.137868 0.071584 0.43899 0.658049 0.492505 0.266368 0.613683 0.566318 0.50599 0.695533 0.485314 0.286764 0
0.0931894 0.204599 0.10331 0.0431389 0.379074 0.321821 0.217034 0.114712 0.123737 0.456403 0.07304 0.136735 0.11888 0.0189354 0.565557 0.490792 0.233914 0.437204 0.224546 0.162584 0.0527926 0.134595 0.0643956 0.0208415 0.308591 0.155825 0.123323 0.132165 0.0171496 0.145481 1
0.234228 0.0405817 0.223551 0.126914 0.32581 0.101343 0.061059 0.0892644 0.273232 0.114785 0.0509506 0.151344 0.0420299 0.0226897 0.151681 0.0735122 0.0347475 0.110475 0.0433106 0.0332354 0.208822 0.216418 0.185418 0.0993659 0.437364 0.12633 0.120927 0.236289 0.176424 0.115309 1
0.294335 0.261075 0.278764 0.168865 0.176221 0.0793203 0.101593 0.0549205 0.215657 0.134583 0.0186493 0.274222 0.00546577 0.0126224 0.154604 0.100925 0.0777525 0.10197 0.165166 0.0468129 0.213803 0.421109 0.188605 0.102438 0.257082 0.11983 0.183546 0.17079 0.236941 0.111111 1
0.129632 0.287792 0.117062 0.0613362 0.152298 0.0124532 0 0 0.299495 0.305602 0.0877784 1 0.0694058 0.0278074 0 0.0336768 0 0 0.423651 0.0273968 0.0725009 0.234808 0.0589671 0.0291486 0 0 0 0 0.06781 0.0691985 1
0.607175 0.420697 0.595743 0.473595 0.412386 0.255567 0.346532 0.472068 0.263636 0.0840354 0.234184 0.145156 0.240682 0.197233 0.162525 0.125259 0.0856313 0.288123 0.0798953 0.0380722 0.68979 0.502665 0.679267 0.543846 0.528495 0.279138 0.429073 0.820619 0.237138 0.138463 0
0.317052 0.223876 0.303849 0.183245 0.362373 0.163088 0.0410497 0.0934394 0.288384 0.244103 0.0337498 0.0264984 0.0290251 0.0195145 0.0718972 0.0373719 0.0178737 0.0961735 0.0374008 0.0277077 0.28175 0.218017 0.254943 0.144564 0.364723 0.125263 0.0963259 0.299107 0.244628 0.149416 1
0.197785 0.395671 0.187686 0.100445 0.443893 0.123919 0.0209817 0.0534791 0.280303 0.241786 0.0633714 0.291239 0.0570607 0.0227644 0.176599 0.0540001 0.0176061 0.11667 0.268166 0.0402488 0.157595 0.450426 0.143682 0.0670468 0.37661 0.0810218 0.0286102 0.147973 0.278139 0.106192 1
0.135643 0.201894 0.132748 0.0634995 0.381782 0.198791 0.0545923 0.12008 0.165151 0.399116 0.0500815 0.189135 0.0574377 0.0157602 0.238604 0.13645 0.0268182 0.128831 0.145748 0.089791 0.117752 0.292377 0.11908 0.0470163 0.467081 0.19114 0.0673642 0.22433 0.184703 0.243015 1
0.282503 0.213392 0.271923 0.157031 0.432157 0.184191 0.144213 0.167495 0.338384 0.310447 0.0354517 0.0891531 0.0223343 0.0202989 0.238366 0.133521 0.0589646 0.214435 0.258457 0.132354 0.206688 0.210821 0.191245 0.0983582 0.509344 0.174162 0.178994 0.362887 0.357776 0.267611 1
0.439633 0.371999 0.436114 0.284284 0.580211 0.345132 0.346298 0.421869 0.448485 0.269798 0.118052 0.192671 0.118409 0.0702431 0.169426 0.139529 0.0820202 0.263686 0.105223 0.0654344 0.403771 0.489339 0.395388 0.229994 0.580004 0.259443 0.2873 0.543986 0.303174 0.176833 0
0.361068 0.202232 0.337848 0.221167 0.212603 0.0483713 0.0339035 0.0932903 0.288889 0.0545493 0.074054 0.12184 0.0564011 0.041274 0.112792 0.0283068 0.013447 0.119795 0.0993133 0 0.303451 0.259328 0.265402 0.161129 0.197649 0.0422815 0.0379073 0.199759 0.190223 0.0125279 1
0.477969 0.589787 0.465828 0.333998 0.418435 0.281026 0.235942 0.319632 0.370202 0.27064 0.296071 0.174991 0.249446 0.202462 0.238876 0.149743 0.0687121 0.276189 0.176845 0.121679 0.534685 0.598881 0.50645 0.359516 0.586608 0.210641 0.210783 0.534364 0.284841 0.233242 0
0.521037 0.370308 0.511437 0.359788 0.460143 0.340531 0.281396 0.438569 0.470707 0.22599 0.123918 0.113397 0.108561 0.080329 0.187579 0.191276 0.0633586 0.280356 0.0880565 0.0843324 0.467805 0.356876 0.436725 0.28603 0.508684 0.335895 0.263658 0.678351 0.294697 0.196707 0
0.3729 0.244505 0.35312 0.224899 0.330505 0.157536 0.0783974 0.142992 0.259091 0.148905 0.0692739 0.0680914 0.0402865 0.0319725 0.137438 0.108135 0.0368939 0.156867 0.107334 0.04398 0.298115 0.227079 0.258429 0.145571 0.334346 0.123905 0.0974441 0.273918 0.189237 0.0867769 1
