0.573572 0.560703 0.589524 0.4193 0.621739 0.489909 0.453843 0.730119 0.289899 0.46925 0.147565 0.563517 0.237667 0.112623 0.198253 0.437468 0.0538889 0.349119 0.319103 0.328036 0.441124 0.551706 0.452662 0.273496 0.44925 0.24683 0.194249 0.632646 0.147053 0.242621 0
0.388518 0.118363 0.372193 0.24106 0.243748 0.153242 0.0794986 0.132058 0.333838 0.115417 0.0241897 0.0115585 0.027376 0.0203923 0.112146 0.0946165 0.0391667 0.173423 0.120842 0.0301261 0.294201 0.0988806 0.269386 0.155795 0.273592 0.142048 0.108786 0.281031 0.181746 0.0827758 1
0.378106 0.339872 0.357335 0.231898 0.285095 0.104718 0.0456186 0.0963718 0.229798 0.0568661 0.0262538 0.155764 0.0249258 0.0183751 0.0653024 0.0430423 0.0208788 0.121841 0.159819 0.0215927 0.286375 0.367804 0.258429 0.146702 0.220102 0.0704951 0.061901 0.197732 0.213089 0.0381084 1
0.176487 0.361177 0.177666 0.0854295 0.50167 0.33593 0.197938 0.142495 0.307071 0.393008 0.07543 0.24947 0.0694058 0.026033 0.244383 0.342461 0.185328 0.330555 0.27295 0.231992 0.13376 0.351546 0.129987 0.055348 0.411609 0.220925 0.202396 0.295533 0.205007 0.209694 1
0.517251 0.382482 0.557045 0.360764 0.63528 0.730691 0.747188 0.595427 0.531818 0.446293 0.105559 0.0916063 0.111483 0.0648265 0.185131 0.262325 0.155682 0.199091 0.112962 0.145241 0.457844 0.420043 0.493999 0.274971 0.766889 0.547593 0.721566 0.674914 0.331165 0.424767 0
0.416442 0.446398 0.427821 0.271092 0.567573 0.477946 0.499766 0.471123 0.523232 0.491786 0.159515 0.157311 0.133864 0.0968028 0.237482 0.281702 0.150253 0.263307 0.099454 0.175816 0.436144 0.492537 0.397878 0.267106 0.755002 0.451349 0.58754 0.698969 0.336882 0.460186 0
0.957878 0.411228 0.955774 0.893531 0.512503 0.527636 0.67268 0.9334 0.373737 0.163016 0.262394 0.247702 0.238562 0.227677 0.0991943 0.173626 0.0785101 0.235082 0.110711 0.0639834 0.896122 0.555171 0.848598 0.744888 0.50208 0.364904 0.426518 0.923711 0.254485 0.169094 0
0.373373 0.35509 0.36162 0.227953 0.390358 0.196522 0.159888 0.246074 0.215657 0.158383 0.0437443 0.281957 0.0395326 0.0280875 0.125846 0.0860546 0.0543687 0.224095 0.164744 0.0316808 0.287442 0.438699 0.266398 0.14707 0.333025 0.108188 0.135783 0.349485 0.158486 0.0718221 1
0.314213 0.45722 0.29991 0.182269 0.359574 0.147506 0.0696813 0.121421 0.305051 0.169545 0.0849176 0.215656 0.0616784 0.0456445 0.141245 0.140731 0.0510354 0.171699 0.182755 0.0583175 0.263963 0.454957 0.234922 0.133848 0.333025 0.120703 0.0837859 0.246529 0.2123 0.0950414 1
0.229968 0.312141 0.219197 0.120679 0.32572 0.152199 0.0625351 0.0692346 0.238889 0.223463 0.0400869 0.111607 0.0323705 0.0192716 0.129313 0.112792 0.0516414 0.127808 0.11648 0.0700294 0.191035 0.345682 0.173365 0.0887485 0.375289 0.155922 0.117492 0.23756 0.191208 0.163256 1
0.253632 0.0865742 0.2429 0.137858 0.337637 0.13401 0.0693065 0.131561 0.317677 0.171019 0.00184682 0.0299461 0.000678507 0.00402131 0.0669001 0.0519497 0.0220505 0.108733 0.0479541 0.0162722 0.202063 0.19323 0.183326 0.0933199 0.383213 0.174744 0.143051 0.367698 0.304554 0.136954 1
0.294335 0.261075 0.278764 0.168865 0.176221 0.0793203 0.101593 0.0549205 0.215657 0.134583 0.0186493 0.274222 0.00546577 0.0126224 0.154604 0.100925 0.0777525 0.10197 0.165166 0.0468129 0.213803 0.421109 0.188605 0.102438 0.257082 0.11983 0.183546 0.17079 0.236941 0.111111 1
0.362488 0.241461 0.348421 0.221633 0.304956 0.146003 0.121649 0.138718 0.176263 0.0756108 0.0394351 0.142725 0.0336427 0.0246135 0.061937 0.0877069 0.0454545 0.116386 0.0655429 0.0111936 0.303451 0.357676 0.276856 0.15872 0.284158 0.174356 0.194649 0.269003 0.175439 0.0716253 1
0.361068 0.202232 0.337848 0.221167 0.212603 0.0483713 0.0339035 0.0932903 0.288889 0.0545493 0.074054 0.12184 0.0564011 0.041274 0.112792 0.0283068 0.013447 0.119795 0.0993133 0 0.303451 0.259328 0.265402 0.161129 0.197649 0.0422815 0.0379073 0.199759 0.190223 0.0125279 1
0.205358 0.58742 0.193283 0.106978 0.146249 0.0575118 0.0382615 0.0155318 0.408586 0.133109 0.00344016 0.117685 0.0142298 0.00336759 0.0659483 0.106783 0.0412374 0.0591968 0.105364 0.0399724 0.147634 0.579158 0.146471 0.0656459 0.137753 0.112456 0.0869808 0.0715808 0.253105 0.103831 1
0.130153 0.190396 0.138138 0.0664687 0.492642 0.431016 0.962512 0.390507 0.751515 0.905645 0.258193 0.50915 0.156246 0.0804037 0.314682 0.703037 1 1 0.388051 1 0.109925 0.199094 0.102744 0.0479994 0.383213 0.242464 0.65623 0.539863 0.304159 0.464778 1
0.267358 0.37369 0.265082 0.142906 0.421594 0.311392 0.249531 0.299254 0.340909 0.436815 0.083614 0.318865 0.0920699 0.0255473 0.38063 0.286658 0.128813 0.434741 0.190775 0.172603 0.192102 0.358475 0.192191 0.0841034 0.379912 0.191819 0.176997 0.379725 0.130298 0.195592 1
0.308533 0.101454 0.289545 0.1793 0.190756 0.0514079 0.00646204 0.0219632 0.15404 0.0713985 0.0408836 0.0720916 0.0354333 0.0253792 0.0552402 0.0112206 0.00512626 0.0614131 0.0973434 0.0231819 0.250445 0.13113 0.224463 0.126204 0.125867 0.0301443 0.0110144 0.075945 0.13838 0.0451266 1
0.193052 0.173148 0.183263 0.0995546 0.223707 0.0868045 0.0635426 0.0360139 0.239899 0.256529 0.026797 0.0724673 0.0238421 0.0115391 0.0865486 0.0934148 0.0489899 0.0789543 0.0566781 0.0912766 0.168979 0.222015 0.151302 0.0765582 0.26963 0.155825 0.166054 0.190928 0.20205 0.239669 1
0.326518 0.218126 0.308064 0.192195 0.159159 0.0887369 0.0479147 0.0422813 0.276263 0.100674 0.0516386 0.0578147 0.044857 0.0304783 0.0684978 0.0893592 0.050202 0.132904 0.120842 0.0371394 0.269655 0.211887 0.245281 0.137657 0.0902727 0.0931494 0.0871406 0.155911 0.192588 0.0733963 1
0.21009 0.360839 0.233501 0.102906 0.811321 0.811361 0.565604 0.522863 0.776263 1 0.139091 0.175875 0.126655 0.0381548 0.251453 0.543215 0.142955 0.353665 0.728148 0.2872 0.24831 0.385927 0.241347 0.0940081 0.915473 0.814012 0.548642 0.88488 1 0.773711 0
0.333617 0.39026 0.317877 0.19508 0.343685 0.15358 0.0342549 0.0942346 0.230808 0.176706 0.0533768 0.252564 0.042878 0.0285171 0.19295 0.0869559 0.0184394 0.190188 0.0668092 0.070133 0.263252 0.486674 0.238358 0.130333 0.379912 0.120315 0.0497684 0.273643 0.130298 0.138594 1
0.235174 0.177545 0.231083 0.120127 0.570281 0.310472 0.0274367 0.0888171 0.706566 0.333825 0.0903495 0.152449 0.0800075 0.0370715 0.138933 0.164614 0.0197374 0.19928 0.273794 0.0766626 0.173604 0.151919 0.162757 0.0764353 0.383874 0.156407 0.0249361 0.16378 0.307313 0.136823 1
0.214823 0.305715 0.204201 0.112619 0.384671 0.108429 0.071134 0.113221 0.434343 0.19187 0.0772768 0.132359 0.0671913 0.031132 0.22487 0.0485925 0.0340657 0.164236 0.341898 0.0515115 0.174671 0.278518 0.156382 0.078893 0.354817 0.058125 0.072492 0.217045 0.343189 0.100485 1
0.21861 0.292526 0.207933 0.114189 0.292949 0.120146 0.0788894 0.0883201 0.230303 0.181761 0.0253848 0.0895951 0.0257268 0.011371 0.169834 0.110839 0.0525253 0.142016 0.187961 0.0647089 0.172181 0.319829 0.160715 0.076165 0.416232 0.148936 0.148562 0.284811 0.324266 0.154729 1
0.34403 0.420697 0.363693 0.213022 0.471879 0.556469 0.500234 0.43007 0.44899 0.483572 0.214412 0.200628 0.2175 0.100818 0.261549 0.513023 0.174217 0.350066 0.1283 0.180273 0.346496 0.466151 0.342099 0.190302 0.613023 0.57961 0.552875 0.613402 0.252119 0.381477 0
0.222396 0.218465 0.219059 0.117497 0.543198 0.224679 0.100258 0.155666 0.400505 0.295914 0.0940793 0.175433 0.0846723 0.0387898 0.247646 0.0801214 0.0467424 0.221065 0.191901 0.0800829 0.191747 0.255064 0.180089 0.0896087 0.53774 0.116822 0.11901 0.337285 0.244234 0.165289 1
0.357281 0.144403 0.346002 0.212386 0.517017 0.224035 0.161551 0.322813 0.29798 0.236942 0.0704327 0.0798046 0.0653065 0.0352971 0.150253 0.0770421 0.0407828 0.215192 0.19964 0.0921748 0.279972 0.130864 0.262413 0.138788 0.419534 0.116919 0.109665 0.367354 0.205204 0.151253 1
0.416442 0.276632 0.413309 0.270414 0.401462 0.33685 0.233224 0.32833 0.39495 0.228728 0.142785 0.138061 0.132262 0.0884538 0.137947 0.288085 0.0704798 0.242849 0.171638 0.112247 0.444326 0.406716 0.428756 0.273742 0.451892 0.517711 0.316693 0.621993 0.438991 0.326381 0
0.297648 0.170781 0.28298 0.17315 0.18886 0.0956076 0.0764058 0.13161 0.164647 0.0678181 0.106536 0.175212 0.0915987 0.0551888 0.0940953 0.0610449 0.0342929 0.204963 0.0395115 0.0186561 0.299893 0.27532 0.269386 0.158622 0.194347 0.0936345 0.107827 0.343986 0.0910704 0.0460449 1
0.278716 0.219817 0.266671 0.156394 0.375734 0.131311 0.0913777 0.0802684 0.479798 0.162805 0.044541 0.189798 0.0371766 0.0213635 0.129347 0.146664 0.0653788 0.119909 0.253954 0.0435999 0.21238 0.309701 0.193536 0.101332 0.35944 0.148936 0.159105 0.198625 0.401932 0.102191 1
0.21435 0.480893 0.212356 0.110286 0.360928 0.253727 0.260544 0.204026 0.165657 0.331508 0.0460981 0.562191 0.0555529 0.0189915 0.220519 0.207048 0.144899 0.240008 0.0984691 0.132769 0.161864 0.670043 0.158723 0.0710283 0.387176 0.217724 0.289936 0.331718 0.107826 0.211728 1
0.59487 0.644572 0.620621 0.451113 0.360838 0.573339 0.417994 0.568588 0.420707 0.26032 0.264747 0.185378 0.301607 0.186026 0.157834 0.340959 0.0975505 0.287744 0.161507 0.150527 0.609036 0.646322 0.638428 0.427841 0.375949 0.490545 0.339537 0.66701 0.246994 0.298177 0
0.234701 0.288468 0.220579 0.124751 0.270651 0.0862831 0.0462043 0.0670477 0.408081 0.234625 0.0419337 0.0602679 0.0359516 0.0199254 0.186865 0.046024 0.0331061 0.151544 0.16995 0.060114 0.18392 0.248134 0.165646 0.0840543 0.285478 0.0599296 0.0735064 0.216357 0.240489 0.124885 1
0.30522 0.335475 0.290581 0.178961 0.341699 0.133427 0.137254 0.170875 0.271717 0.142165 0.129712 0.173886 0.112378 0.0683566 0.145834 0.0629225 0.0543182 0.178879 0.102972 0.0336155 0.357524 0.475746 0.329648 0.198683 0.455194 0.123517 0.211182 0.398625 0.260004 0.122458 0
0.557954 0.396348 0.54668 0.402333 0.347838 0.370591 0.24836 0.302684 0.45101 0.228939 0.192178 0.258531 0.170193 0.152126 0.198355 0.275768 0.0988384 0.344005 0.194152 0.122646 0.590893 0.595682 0.551273 0.414815 0.51925 0.441841 0.370128 0.70378 0.416716 0.28637 0
0.294808 0.525533 0.278557 0.167296 0.318498 0.100209 0.0649485 0.102783 0.282323 0.123842 0.0350896 0.21875 0.0262451 0.0201308 0.137845 0.0437859 0.0381313 0.122201 0.0786289 0.0322335 0.228388 0.591951 0.203596 0.110032 0.381232 0.0766559 0.111022 0.206357 0.17327 0.0842188 1
0.307113 0.147109 0.300809 0.170859 0.49174 0.294829 0.135567 0.26173 0.363131 0.34604 0.0171284 0.047096 0.0162559 0.0112776 0.0930414 0.0921381 0.0336869 0.166528 0.128018 0.0653653 0.245464 0.16791 0.221774 0.116742 0.449911 0.215977 0.147604 0.458763 0.327617 0.250689 1
0.415022 0.32161 0.437496 0.260912 0.647016 0.665665 0.682755 0.617296 0.664141 0.549073 0.148072 0.213004 0.128163 0.0829626 0.258898 0.475696 0.251338 0.432468 0.669049 0.222318 0.335468 0.323827 0.343593 0.179439 0.553589 0.463089 0.548882 0.733677 0.528287 0.327693 0
0.171281 0.312479 0.176145 0.0860657 0.399476 0.292375 0.149649 0.131312 0.435354 0.31487 0.122759 0.184936 0.125948 0.037912 0.195703 0.252035 0.084697 0.258572 0.382141 0.0837105 0.140519 0.291045 0.138802 0.0588871 0.331044 0.21753 0.153035 0.272371 0.271043 0.136626 1
0.232335 0.292188 0.231705 0.12246 0.370136 0.294522 0.155483 0.156163 0.458081 0.277591 0.0669202 0.265824 0.0626679 0.0273778 0.243363 0.297924 0.150152 0.338132 0.282096 0.134047 0.189256 0.401919 0.178246 0.0850374 0.457835 0.269048 0.224121 0.391065 0.361128 0.187656 1
0.415022 0.356442 0.406399 0.262057 0.450212 0.309858 0.268744 0.321173 0.441919 0.275274 0.0853884 0.123917 0.0700655 0.0474189 0.103784 0.161384 0.060202 0.163611 0.138431 0.07725 0.413732 0.48694 0.375965 0.221884 0.55491 0.408175 0.317572 0.508247 0.478612 0.336875 0
0.414075 0.0530943 0.407781 0.256076 0.466462 0.338998 0.279053 0.308698 0.365657 0.266007 0.0186493 0.00594502 0.0181878 0.0132014 0.146888 0.119776 0.0842424 0.202122 0.0544267 0.0470202 0.323017 0.0581023 0.309229 0.164447 0.547646 0.262547 0.319808 0.498969 0.195545 0.175587 1
0.495953 1 0.481031 0.329629 0.410671 0.338691 0.332006 0.437922 0.378283 0.204297 0.153938 0.109596 0.105781 0.0788161 0.106979 0.192252 0.0657071 0.260277 0.061603 0.064398 0.518677 0.875533 0.452164 0.300531 0.43142 0.335895 0.258866 0.709966 0.253893 0.196248 0
0.668229 0.365573 0.651717 0.526193 0.399115 0.300963 0.368322 0.574056 0.249495 0.140059 0.200181 0.221181 0.178344 0.140247 0.127613 0.138928 0.0804293 0.277704 0.033883 0.0452582 0.631448 0.534382 0.586633 0.451435 0.433402 0.274384 0.351358 0.783505 0.138577 0.126 0
0.443419 0.459249 0.450625 0.29561 0.404351 0.39973 0.424321 0.436034 0.563131 0.257372 0.11577 0.146261 0.104368 0.0722789 0.133324 0.27727 0.153333 0.313696 0.338943 0.110209 0.407328 0.506663 0.392898 0.240808 0.464439 0.426124 0.566054 0.772509 0.642421 0.269579 0
0.196365 0.430504 0.191417 0.0996394 0.388463 0.19189 0.113027 0.112177 0.489899 0.327717 0.0610176 0.244607 0.0582858 0.0206351 0.0605772 0.21223 0.0869949 0.193976 0.298841 0.132251 0.1455 0.432836 0.136411 0.0617873 0.247837 0.146414 0.12492 0.220378 0.316184 0.165814 1
0.401297 0.481569 0.414691 0.249332 0.59285 0.51414 0.475633 0.423459 0.377273 0.439554 0.0802462 0.353784 0.102719 0.0480353 0.266003 0.354102 0.151995 0.386626 0.185287 0.176369 0.326574 0.647921 0.335126 0.177989 0.673777 0.455424 0.472125 0.743299 0.285433 0.338843 0
0.0585925 0.371661 0.0655103 0.0256204 0.373928 0.340838 0.309513 0.107753 0.586869 0.687658 0.029694 0.354005 0.0228997 0.00636536 0.364313 0.389852 0.195783 0.193597 0.213992 0.376058 0.0413376 0.471748 0.0381991 0.0158769 0.606419 0.391681 0.429792 0.270756 0.346343 0.613669 1
0.659709 0.520122 0.685578 0.510498 0.517017 0.626403 0.743674 0.732604 0.55 0.396588 0.308057 0.147145 0.376997 0.209186 0.159296 0.306786 0.198106 0.497064 0.178533 0.183728 0.581999 0.463486 0.640918 0.401543 0.459156 0.379651 0.527077 0.87354 0.268874 0.286567 0
0.46661 0.329726 0.446479 0.312492 0.196985 0.162107 0.120665 0.137724 0.39596 0.0572873 0.133044 0.375663 0.128257 0.0743522 0.0588095 0.182939 0.0771717 0.210267 0.102972 0.0215581 0.366062 0.427772 0.348075 0.20812 0.109423 0.139428 0.150319 0.289897 0.189631 0.0306966 1
0.165602 0.178221 0.163776 0.0806363 0.411032 0.251273 0.14843 0.110239 0.436869 0.40417 0.0782546 0.169466 0.0851435 0.026089 0.1921 0.273515 0.132904 0.239439 0.193167 0.135947 0.149413 0.254531 0.15439 0.0627212 0.406326 0.264197 0.234744 0.319931 0.286813 0.271678 1
0.327465 0.322286 0.310552 0.194867 0.246276 0.10392 0.0701734 0.102883 0.262121 0.125948 0.0797031 0.125133 0.0612072 0.0403588 0.067682 0.0643495 0.0386364 0.118867 0.0385265 0.0456728 0.301672 0.383795 0.268888 0.158597 0.232649 0.110807 0.133626 0.280069 0.155924 0.137675 1
0.402717 0.346973 0.405017 0.255016 0.572086 0.419668 0.443065 0.452932 0.438889 0.368155 0.193916 0.214551 0.184611 0.112268 0.18887 0.202992 0.125556 0.310475 0.149688 0.115288 0.472074 0.463486 0.456646 0.288488 0.640098 0.353164 0.44353 0.728866 0.319732 0.307359 0
0.226182 0.402097 0.213738 0.120636 0.304595 0.0928777 0.0388238 0.0554175 0.219697 0.187869 0.106717 0.187809 0.0884889 0.0404708 0.140871 0.0563734 0.029495 0.14103 0.227641 0.0301952 0.179651 0.365139 0.162209 0.0814245 0.246517 0.0571063 0.0441134 0.127663 0.171102 0.0694608 1
0.196365 0.233683 0.184369 0.100785 0.26072 0.0581559 0.0320759 0.0680915 0.227778 0.242629 0.0108637 0.134127 0.00994204 0.00542027 0.141755 0.0301244 0.0237323 0.117238 0.171779 0.0512006 0.133404 0.220416 0.119229 0.0579778 0.210196 0.0338602 0.0365815 0.138969 0.161246 0.103568 1
0.197785 0.395671 0.187686 0.100445 0.443893 0.123919 0.0209817 0.0534791 0.280303 0.241786 0.0633714 0.291239 0.0570607 0.0227644 0.176599 0.0540001 0.0176061 0.11667 0.268166 0.0402488 0.157595 0.450426 0.143682 0.0670468 0.37661 0.0810218 0.0286102 0.147973 0.278139 0.106192 1
0.209617 0.037538 0.204201 0.110201 0.371039 0.145605 0.0822868 0.130368 0.306566 0.235257 0.0106102 0.0222109 0.0163031 0.00690701 0.147092 0.0979211 0.0382323 0.122372 0.0782068 0.0452928 0.173959 0.105277 0.165994 0.0799499 0.552268 0.205402 0.167891 0.307835 0.286024 0.198019 1
0.221449 0.248901 0.206689 0.117709 0.207457 0.0518987 0.0194611 0.0577535 0.308586 0.154802 0.0875973 0.0689975 0.0691702 0.0359135 0.165551 0.035592 0.0150227 0.119265 0.200906 0.0612541 0.190324 0.205757 0.165347 0.0878146 0.187611 0.0363536 0.0243291 0.14646 0.229844 0.0866457 1
0.496427 0.506256 0.499689 0.356776 0.471879 0.432243 0.505858 0.51839 0.241414 0.288332 0.353612 0.23201 0.310041 0.215724 0.151647 0.256016 0.117273 0.297215 0.0502054 0.145966 0.541089 0.541311 0.522387 0.362466 0.438685 0.345112 0.390575 0.591409 0.117288 0.248983 0
0.552274 0.266825 0.552208 0.395546 0.517017 0.457702 0.462512 0.501491 0.427778 0.221778 0.187362 0.0669864 0.166612 0.120953 0.155726 0.283053 0.140253 0.321084 0.230737 0.0912075 0.529705 0.247868 0.498979 0.339609 0.638777 0.467357 0.586661 0.817182 0.440371 0.24144 0
0.279663 0.148799 0.284431 0.156394 0.315699 0.353414 0.321931 0.197813 0.270707 0.297599 0.0329531 0.0176803 0.0770862 0.0178335 0.128769 0.40307 0.20601 0.259519 0.0672314 0.230092 0.229811 0.151386 0.271876 0.111556 0.358119 0.540996 0.617173 0.536426 0.211709 0.411649 1
0.259312 0.105512 0.242139 0.141591 0.190395 0.0645666 0.0168065 0.0571074 0.279293 0.214195 0.0782546 0.248807 0.0636574 0.0332426 0.294966 0.0584162 0.016202 0.149555 0.29279 0.135637 0.187122 0.115672 0.163504 0.0857255 0.153338 0.0363633 0.0133706 0.0920962 0.140942 0.0999607 1
0.384259 0.225905 0.38553 0.225239 0.563059 0.494816 0.266635 0.424155 0.475253 0.309815 0.115662 0.156427 0.096075 0.0617074 0.247918 0.297398 0.0809091 0.427733 0.220183 0.141268 0.291 0.168177 0.276358 0.141909 0.445288 0.253233 0.15655 0.489003 0.20205 0.149219 1
0.0955559 0.158607 0.0868634 0.0436055 0.157263 0.0361328 0.00862465 0.0172565 0.367677 0.3869 0.0228499 0.208805 0.0182349 0.00557903 0.19295 0.01976 0.00929545 0.06577 0.269151 0.0434617 0.0629314 0.214552 0.0522436 0.024651 0.181206 0.0242842 0.0117572 0.047732 0.281096 0.150859 1
0.138341 0.282381 0.143805 0.0674019 0.400469 0.337464 0.306232 0.184692 0.307576 0.657119 0.115734 0.420085 0.111907 0.0386217 0.378931 0.644606 0.302273 0.465997 0.435048 0.588185 0.118463 0.329691 0.112854 0.0503834 0.389157 0.259734 0.278435 0.34055 0.206781 0.401154 1
0.309007 0.31045 0.306199 0.175864 0.480906 0.292375 0.201031 0.267445 0.376768 0.228096 0.0369727 0.214772 0.0356217 0.0233247 0.126763 0.130066 0.0834343 0.258951 0.0741262 0.0542062 0.244397 0.404584 0.233677 0.120429 0.473024 0.222866 0.274601 0.499313 0.217031 0.14312 1
0.299068 0.401082 0.286435 0.170774 0.29963 0.136035 0.0783505 0.120477 0.381313 0.147431 0.0545356 0.26052 0.0598879 0.0264812 0.128667 0.136675 0.0453283 0.121216 0.146451 0.0366557 0.223052 0.457889 0.211813 0.107157 0.282837 0.135256 0.0968051 0.192921 0.211315 0.075692 1
0.58777 0.466351 0.589524 0.429056 0.452018 0.418441 0.480084 0.44165 0.463636 0.211457 0.149484 0.318644 0.154549 0.100127 0.302444 0.227326 0.0988636 0.295321 0.196685 0.10551 0.488083 0.493337 0.470591 0.302743 0.496137 0.26148 0.276198 0.537457 0.2671 0.138397 0
0.197312 0.113967 0.187133 0.101124 0.405435 0.0973867 0.0464386 0.0887674 0.388889 0.233572 0.0411371 0.0931091 0.0316638 0.0162085 0.24836 0.0505678 0.030202 0.155939 0.225108 0.025013 0.144433 0.114072 0.128692 0.0628195 0.415572 0.0605602 0.0568371 0.18921 0.255076 0.0831694 1
0.245113 0.281366 0.238408 0.132259 0.34522 0.180971 0.0683224 0.0758946 0.20404 0.271272 0.039073 0.183389 0.0433963 0.0176654 0.108713 0.10821 0.0352778 0.0977647 0.0936849 0.03327 0.192458 0.422441 0.191344 0.0890189 0.327742 0.194633 0.129393 0.195533 0.16578 0.14594 1
0.225235 0.145756 0.210421 0.120382 0.230207 0.0736765 0.0526007 0.137326 0.525758 0.235257 0.1631 0.200628 0.139471 0.0579532 0.214876 0.091387 0.0382323 0.349687 0.300107 0.0383486 0.191391 0.166311 0.170775 0.0856518 0.214158 0.0559905 0.0537939 0.28488 0.302779 0.0776597 1
0.271617 0.269192 0.256997 0.151771 0.2377 0.0792589 0.0328491 0.0912028 0.201515 0.115417 0.0665942 0.115674 0.0637045 0.0307024 0.191182 0.0712591 0.0135934 0.106516 0.16207 0.00984626 0.209534 0.238273 0.191543 0.0987023 0.23529 0.0667113 0.0277077 0.124124 0.118273 0.0341729 1
0.291968 0.190396 0.286919 0.16772 0.372032 0.201215 0.217737 0.173111 0.384849 0.255055 0.0577585 0.0955843 0.0500401 0.0298619 0.233572 0.134572 0.0769444 0.18064 0.278719 0.0892728 0.24333 0.226013 0.23537 0.120945 0.506042 0.192401 0.240335 0.334089 0.450227 0.205234 1
0.671068 0.450795 0.645498 0.534677 0.376004 0.254033 0.257029 0.429026 0.358081 0.0593934 0.210103 0.169466 0.167083 0.162847 0.102492 0.0776429 0.0433081 0.196628 0.0414814 0.0377267 0.755603 0.628198 0.685243 0.597179 0.455194 0.225776 0.251997 0.690378 0.247782 0.132625 0
0.381419 0.237741 0.379656 0.231559 0.41708 0.358935 0.180904 0.305268 0.307071 0.394482 0.0943328 0.106546 0.0728926 0.0523685 0.0819254 0.119701 0.050404 0.190188 0.0375415 0.0809121 0.314123 0.224147 0.295284 0.165086 0.279535 0.18464 0.148243 0.349828 0.120639 0.199725 1
0.483175 0.417991 0.468592 0.332895 0.402907 0.216459 0.212301 0.324404 0.407576 0.122999 0.111823 0.0835617 0.0971587 0.0721295 0.0945032 0.0736624 0.0517172 0.187062 0.0500647 0.0234928 0.485592 0.461354 0.448678 0.307413 0.558872 0.222575 0.310623 0.681787 0.325448 0.135511 0
0.354442 0.51674 0.359478 0.217561 0.322651 0.317833 0.23641 0.19334 0.410101 0.283277 0.0516748 0.158858 0.0875465 0.0304596 0.184417 0.332547 0.0966919 0.220117 0.180081 0.180204 0.294913 0.52532 0.314209 0.153288 0.414911 0.381203 0.322684 0.414089 0.319732 0.309983 1
0.313739 0.516402 0.305853 0.186299 0.381421 0.201613 0.202085 0.223111 0.277273 0.184288 0.124932 0.20549 0.0991377 0.067871 0.141381 0.0948418 0.0668434 0.187933 0.0952327 0.0504405 0.322305 0.61967 0.289805 0.177276 0.365383 0.162034 0.253115 0.406873 0.214075 0.124164 0
0.448625 0.351708 0.452699 0.292428 0.412386 0.417827 0.420103 0.440656 0.370707 0.279486 0.0695999 0.204164 0.0812797 0.0462983 0.167046 0.290564 0.135631 0.343436 0.125767 0.127449 0.350765 0.4379 0.364012 0.195635 0.464439 0.426318 0.468211 0.699313 0.293515 0.263348 0
0.353495 0.355428 0.350356 0.21175 0.416087 0.310472 0.276476 0.297217 0.449495 0.309604 0.0353793 0.0642459 0.0324648 0.0235675 0.0792399 0.103028 0.050505 0.138341 0.103253 0.0373467 0.369975 0.482409 0.336122 0.21107 0.55491 0.367038 0.396725 0.631615 0.628425 0.303424 0
0.166075 0.300981 0.159422 0.0809332 0.489031 0.14539 0.0538191 0.0884692 0.213131 0.337826 0.0133985 0.265824 0.013099 0.00612255 0.243465 0.0533992 0.0456566 0.174256 0.141104 0.0836759 0.111348 0.333689 0.10135 0.046746 0.463118 0.0748125 0.0672764 0.22433 0.127735 0.153352 1
0.502579 0.460602 0.519729 0.355037 0.363456 0.555242 0.500469 0.498012 0.321212 0.499789 0.295999 0.244165 0.237667 0.183224 0.171771 0.510695 0.166439 0.437772 0.1245 0.359475 0.485237 0.449094 0.464117 0.307658 0.327082 0.437766 0.41254 0.685911 0.145082 0.441821 0
0.109518 0.141698 0.111741 0.0484836 0.762571 0.3163 0.0780693 0.120328 0.574242 0.56866 0.0877422 0.170129 0.0768506 0.0239597 0.467315 0.173852 0.0554798 0.299299 0.451511 0.103852 0.0939167 0.155117 0.0868071 0.0347523 0.7517 0.176975 0.0798403 0.249553 0.41711 0.228125 1
0.240381 0.102469 0.228388 0.129417 0.365442 0.101313 0.0462043 0.0975646 0.267677 0.19187 0.025602 0.0813959 0.0195071 0.0120434 0.129687 0.0566062 0.0210657 0.118829 0.0952327 0.0564864 0.185343 0.170309 0.167688 0.0854306 0.371987 0.0930524 0.0689776 0.241409 0.187069 0.157025 1
0.0354016 0.533649 0.0289545 0.0149735 0.255936 0.0901785 0 0 0.409091 0.482098 0.0963969 0.243502 0.0817509 0.0230445 0.372132 0.0558777 0 0 0.294619 0.206495 0.040804 0.503731 0.033667 0.0154345 0.35944 0.0544382 0 0 0.294303 0.29083 1
0.434427 0.400068 0.431276 0.28263 0.434865 0.334397 0.244377 0.278976 0.555556 0.1885 0.116495 0.199965 0.0983367 0.0688796 0.107557 0.12969 0.0560354 0.174863 0.105082 0.0510624 0.41053 0.523987 0.39489 0.243266 0.451232 0.269921 0.238978 0.450859 0.377489 0.138725 0
0.344503 0.336152 0.373437 0.20632 0.232373 0.625483 0.703608 0.387575 0.325253 0.584035 0.0910013 0.249691 0.124488 0.0419277 0.121868 0.542314 0.362374 0.434173 0.250155 0.417516 0.262184 0.3121 0.281837 0.128736 0.12098 0.38033 0.541773 0.517182 0.164203 0.348682 1
0.638412 0.370646 0.628222 0.490138 0.351449 0.343292 0.356842 0.504473 0.558586 0.0890901 0.261488 0.304058 0.207841 0.174819 0.10963 0.215084 0.103359 0.321841 0.285332 0.0630161 0.54429 0.403252 0.505951 0.358779 0.254441 0.219373 0.246965 0.554296 0.326237 0.0578512 0
0.283923 0.326006 0.281459 0.157158 0.389636 0.285627 0.166518 0.14662 0.35404 0.32519 0.056817 0.0455711 0.0804787 0.0258649 0.136452 0.227551 0.110934 0.18585 0.276186 0.127034 0.230879 0.264659 0.24304 0.110377 0.380572 0.289131 0.274681 0.338763 0.400355 0.240194 1
0.364854 0.144403 0.376132 0.217434 0.455629 0.503711 0.339738 0.313121 0.518182 0.507582 0.157414 0.254332 0.190265 0.0796566 0.280892 0.376934 0.133283 0.299299 0.262397 0.15716 0.303451 0.168443 0.317197 0.153362 0.396421 0.326193 0.257109 0.380756 0.248768 0.242949 1
0.0902551 0.166723 0.103656 0.0426299 0.408053 0.410159 0.20164 0.142744 0.425253 0.83909 0.150172 0.108734 0.113603 0.0348115 0.526804 0.686664 0.143207 0.334533 0.246637 0.726723 0.0641409 0.0972814 0.060511 0.0243807 0.327082 0.209865 0.114537 0.164467 0.135817 0.349993 1
0.521037 0.0226581 0.545989 0.363733 0.593753 0.792037 0.70314 0.731113 0.686364 0.605518 0.356147 0.120469 0.369034 0.273811 0.159296 0.351398 0.135682 0.300625 0.311645 0.183037 0.620775 0.141525 0.66831 0.450698 0.601136 0.619292 0.56861 0.912027 0.598462 0.418864 0
0.711297 0.412242 0.714602 0.567762 0.484517 0.539906 0.573571 0.746024 0.385859 0.240944 0.324642 0.0750751 0.320596 0.230479 0.0769963 0.194956 0.090303 0.278651 0.10269 0.100225 0.701885 0.367271 0.720106 0.501819 0.384534 0.350448 0.379872 0.835739 0.231816 0.201364 0
0.27777 0.394319 0.268399 0.15737 0.206554 0.195632 0.143533 0.0927932 0.262626 0.235468 0.140431 0.31776 0.0845781 0.0643222 0.146106 0.319554 0.130682 0.254025 0.264648 0.236172 0.230167 0.39952 0.205289 0.113203 0.150895 0.161355 0.146805 0.192474 0.181944 0.173619 1
0.284869 0.409537 0.302052 0.159618 0.674099 0.533157 0.435567 0.464861 0.651515 0.504002 0.0705414 0.141841 0.0776987 0.0327196 0.136588 0.246102 0.0897222 0.232241 0.190634 0.0986008 0.268943 0.498667 0.277852 0.136183 0.654626 0.497531 0.430511 0.707904 0.554504 0.342123 0
0.275403 0.26209 0.271301 0.15474 0.251061 0.213392 0.173149 0.202932 0.259596 0.158804 0.0913996 0.199965 0.0900438 0.0443931 0.12605 0.244224 0.114773 0.262171 0.15208 0.109587 0.206688 0.240938 0.200757 0.0997346 0.159612 0.149324 0.151837 0.285086 0.0833826 0.1016 1
0.196838 0.147447 0.18969 0.102269 0.181547 0.126557 0.105553 0.0731113 0.318182 0.228939 0.112511 0.0992309 0.121236 0.0411619 0.130129 0.237465 0.113763 0.278651 0.325576 0.135982 0.149057 0.101279 0.145475 0.0659408 0.115367 0.0953809 0.0959265 0.134777 0.19929 0.0993047 1
0.282029 0.218465 0.2722 0.154443 0.416719 0.211582 0.0772259 0.118787 0.340909 0.25358 0.0124208 0.120403 0.011332 0.00851329 0.0399089 0.0795956 0.0407323 0.138435 0.15222 0.0372085 0.210957 0.293177 0.195627 0.0972523 0.303969 0.163489 0.144569 0.288247 0.341415 0.152827 1
0.184533 0.199865 0.183954 0.091368 0.433962 0.26845 0.119845 0.0780815 0.404546 0.387742 0.0132899 0.0392946 0.0256326 0.00522042 0.0938573 0.215384 0.0696212 0.126747 0.059633 0.130489 0.142654 0.195362 0.151253 0.0609271 0.409628 0.351709 0.26877 0.273746 0.200276 0.34737 1
0.226182 0.285086 0.215673 0.121994 0.424754 0.121956 0.06291 0.174702 0.282323 0.271904 0.193192 0.385608 0.159308 0.0790216 0.131999 0.0585664 0.0321212 0.271263 0.110711 0.0643634 0.19317 0.303038 0.172768 0.0905427 0.280856 0.0508873 0.0488818 0.246048 0.0814114 0.0925489 0
0.285342 0.423064 0.264114 0.162418 0.0891938 0 0.00373711 0.00920477 0.169192 0.0501264 0.0223067 0.172781 0.0162088 0.0140792 0.0579597 0 0.00402778 0.0350824 0.116058 0.00252202 0.215937 0.453092 0.188107 0.104109 0.0665654 0.00682054 0.00637141 0.0318179 0.143899 0.0222354 1
0.193052 0.250592 0.189759 0.0945917 0.602781 0.269063 0.0951968 0.212127 0.451515 0.627633 0.0240449 0.148029 0.0264336 0.010269 0.370772 0.159432 0.0454545 0.243417 0.201469 0.256279 0.13376 0.232409 0.127845 0.0555201 0.627551 0.170572 0.100319 0.326942 0.239503 0.40509 1
0.257892 0.246534 0.24055 0.141591 0.207096 0.0465002 0.0314433 0.0844433 0.208081 0.118998 0.0964331 0.406604 0.0815153 0.0454951 0.191862 0.0641241 0.025149 0.212161 0.372151 0.0713767 0.176805 0.218284 0.156133 0.081277 0.0853199 0.0192392 0.0178674 0.0973196 0.066233 0.0280729 1
0.430167 0.336152 0.416765 0.285981 0.352532 0.198945 0.228889 0.32992 0.372727 0.0831929 0.230273 0.144935 0.201291 0.135316 0.309583 0.148541 0.0883838 0.342679 0.107193 0.0363793 0.421202 0.334222 0.390408 0.255063 0.520571 0.17193 0.225958 0.522337 0.213877 0.0579168 0
0.628473 0.450457 0.612328 0.475292 0.344407 0.343292 0.343252 0.431561 0.522727 0.137532 0.233967 0.25389 0.17891 0.151416 0.146276 0.2446 0.106869 0.240386 0.262959 0.121472 0.579509 0.521588 0.526371 0.384585 0.315856 0.316879 0.327316 0.54055 0.418687 0.187853 0
0.254579 0.298614 0.243383 0.137094 0.290151 0.149592 0.061926 0.0954771 0.273737 0.225358 0.00304183 0.11806 0.00430665 0.00452934 0.0592854 0.0617208 0.0294697 0.105285 0.0651207 0.0159268 0.190679 0.412313 0.175059 0.0882078 0.311893 0.163974 0.154712 0.290103 0.279519 0.110258 1
0.119409 0.0923233 0.114367 0.0553128 0.449309 0.139685 0.0692596 0.103181 0.381313 0.402064 0.0600398 0.136271 0.0542807 0.0166194 0.268314 0.090636 0.0501263 0.26918 0.174312 0.0716186 0.0818214 0.0970149 0.0733104 0.0318767 0.404345 0.0849026 0.0708227 0.213986 0.174453 0.148826 1
0.36722 0.531282 0.351807 0.222736 0.271915 0.161831 0.0961809 0.150447 0.393939 0.144061 0.0693826 0.226485 0.0669085 0.038491 0.104089 0.0711088 0.0491667 0.240386 0.15222 0.0598031 0.305229 0.540245 0.283829 0.157589 0.230007 0.107023 0.128674 0.376289 0.22807 0.0952381 1
0.188319 0.267501 0.18658 0.09421 0.399386 0.239679 0.123313 0.138569 0.282323 0.297388 0.0141952 0.270244 0.0192244 0.00614123 0.264745 0.236789 0.111136 0.254973 0.0751112 0.0911729 0.13127 0.386194 0.129588 0.0546353 0.473024 0.217045 0.169569 0.338866 0.142716 0.181949 1
0.291495 0.373013 0.291549 0.166872 0.308026 0.274584 0.254217 0.174453 0.253535 0.21567 0.0737643 0.094634 0.0732696 0.0384723 0.189754 0.221843 0.11654 0.237545 0.108741 0.0806702 0.244397 0.358209 0.251457 0.123845 0.422175 0.317849 0.359744 0.405842 0.196728 0.175128 1
0.643144 0.272574 0.615783 0.501591 0.28988 0.181768 0.203608 0.348757 0.379798 0.141323 0.156437 0.0825893 0.12444 0.12566 0.119387 0.081323 0.0469697 0.253836 0.0845387 0.0911038 0.606901 0.303571 0.539818 0.435214 0.347553 0.154563 0.192971 0.639175 0.23359 0.222878 0
0.531923 0.309773 0.517656 0.374761 0.404713 0.283173 0.264761 0.395129 0.377273 0.140691 0.105957 0.0420129 0.0843425 0.0786294 0.105653 0.107685 0.0608081 0.216518 0.0684978 0.0537571 0.494842 0.345949 0.45067 0.319455 0.476986 0.241591 0.307748 0.610309 0.245811 0.176702 0
0.124237 0.241123 0.12335 0.0581124 0.290512 0.223606 0.197329 0.113917 0.492929 0.448399 0.0263987 0.128779 0.0316638 0.00983941 0.144168 0.243774 0.12697 0.161205 0.135335 0.108343 0.10032 0.29451 0.10379 0.0413881 0.344251 0.304945 0.346725 0.279038 0.279322 0.283419 1
0.46377 0.307406 0.452699 0.31508 0.325178 0.222195 0.197329 0.326839 0.420707 0.113311 0.176534 0.227811 0.158884 0.113071 0.149913 0.168594 0.0663131 0.303845 0.183317 0.0897564 0.431163 0.380597 0.399871 0.264157 0.301327 0.17911 0.185144 0.506529 0.245417 0.113079 0
0.331251 0.335137 0.327068 0.193425 0.481809 0.28808 0.263824 0.321223 0.307576 0.326032 0.0395799 0.131078 0.0398153 0.0225029 0.122412 0.117598 0.0551768 0.181228 0.0611808 0.0674037 0.324084 0.500533 0.316201 0.168133 0.595193 0.319692 0.325 0.627835 0.318155 0.330972 0
0.486961 0.531282 0.474121 0.333107 0.27697 0.280719 0.282099 0.285089 0.205556 0.0865628 0.144306 0.29146 0.119022 0.0963358 0.217425 0.306636 0.124798 0.329987 0.113384 0.0982553 0.442903 0.624733 0.410329 0.270055 0.478307 0.373442 0.402236 0.597594 0.184309 0.160042 0
0.230442 0.26209 0.219404 0.122672 0.280672 0.113613 0.0629803 0.11332 0.411616 0.151432 0.0345827 0.193998 0.0224756 0.0132201 0.199952 0.0957431 0.0356566 0.162493 0.141245 0.0307134 0.182497 0.365938 0.169032 0.081744 0.434062 0.144085 0.105112 0.314089 0.302779 0.0985832 1
0.522931 0.241461 0.509364 0.359067 0.332581 0.318447 0.255389 0.310835 0.333333 0.165122 0.067753 0.0509194 0.0548462 0.0541055 0.0817215 0.100249 0.0751263 0.184751 0.071312 0.0532389 0.442903 0.266525 0.412819 0.272021 0.364063 0.23218 0.342652 0.527491 0.251725 0.178473 0
0.40319 0.384511 0.408472 0.279788 0.535976 0.422428 0.356607 0.421521 0.517677 0.393429 0.455731 0.188472 0.408378 0.316957 0.220451 0.275167 0.11346 0.40519 0.173046 0.169978 0.542156 0.416578 0.531351 0.384094 0.531797 0.361799 0.336342 0.733333 0.283461 0.326381 0
0.284869 0.374366 0.27448 0.159449 0.549517 0.173333 0.073477 0.131461 0.747475 0.229781 0.111787 0.212562 0.0997031 0.0522564 0.180304 0.0688557 0.0492172 0.218413 0.304328 0.0220418 0.221629 0.322228 0.201255 0.106051 0.386515 0.0807308 0.0647923 0.216357 0.321506 0.0610652 1
0.392304 0.108218 0.375786 0.246872 0.263519 0.131648 0.138051 0.156909 0.15101 0.111626 0.0369002 0.000574614 0.0361872 0.0246508 0.0876364 0.0759155 0.0464899 0.139667 0.0233157 0.0262912 0.336179 0.103945 0.315205 0.183715 0.336987 0.18561 0.236581 0.35567 0.148827 0.129214 1
0.10824 0.106865 0.122314 0.0446235 1 0.627323 0.227976 0.261034 0.665657 0.949031 0.107224 0.161952 0.106347 0.0247255 0.274331 0.324211 0.0879545 0.414472 0.246778 0.330109 0.0836001 0.116205 0.0928333 0.0282639 0.78604 0.307371 0.167652 0.352234 0.290361 0.460186 1
0.223816 0.235374 0.213738 0.118812 0.473684 0.127508 0.0841612 0.129225 0.140909 0.199874 0.12218 0.474673 0.117844 0.0514907 0.165381 0.0867306 0.0672222 0.247585 0.0803174 0.0971498 0.192102 0.358742 0.178047 0.0888468 0.369346 0.0732602 0.0835463 0.23945 0.028977 0.120622 1
0.199678 0.664863 0.185751 0.102863 0.197346 0.0496902 0 0 0 0.106571 0.0733659 0.781427 0.0605004 0.0298993 0.199918 0.0497642 0 0 0.168965 0.0303334 0.141942 0.700426 0.123413 0.0625246 0.14198 0.0268262 0 0 0.000197125 0.026302 1
0.62374 0.33649 0.603345 0.479533 0.248894 0.203239 0.270619 0.383996 0.438384 0.0210615 0.174181 0.0720695 0.146586 0.127098 0.0959649 0.0864301 0.0667929 0.236219 0.19767 0.0239765 0.538243 0.293443 0.496987 0.361728 0.226045 0.122644 0.208147 0.489691 0.293712 0.0281386 0
0.325571 0.244166 0.325962 0.184687 0.451115 0.405865 0.231982 0.278429 0.528283 0.404381 0.0524353 0.184273 0.0554116 0.0296751 0.144372 0.241295 0.0987121 0.271832 0.161929 0.126619 0.278193 0.397388 0.268888 0.138837 0.494156 0.397503 0.370288 0.568385 0.407057 0.333596 0
0.276823 0.426784 0.286573 0.152577 0.507087 0.492362 0.397141 0.341004 0.536869 0.475569 0.070469 0.156648 0.070678 0.0342325 0.179148 0.272839 0.118258 0.283955 0.125485 0.163137 0.258627 0.483209 0.27337 0.127998 0.703493 0.491904 0.501757 0.679381 0.363099 0.454283 0
0.375739 0.17653 0.3639 0.230498 0.255936 0.202779 0.12978 0.160089 0.316667 0.141744 0.0481984 0.0161775 0.0503699 0.0308331 0.0529626 0.116021 0.0583333 0.159102 0.0506276 0.0512696 0.329064 0.165245 0.306738 0.1773 0.233309 0.244307 0.251677 0.394158 0.221368 0.181621 1
0.256472 0.26953 0.260383 0.137561 0.476393 0.344212 0.181373 0.139115 0.379293 0.443555 0.0236104 0.24306 0.0681807 0.0161151 0.281708 0.230555 0.122753 0.221065 0.196826 0.176542 0.176094 0.290245 0.195229 0.0812525 0.487552 0.22859 0.191933 0.253265 0.195348 0.252853 1
0.127171 0.283734 0.119342 0.0605726 0.275165 0.107049 0.0346532 0.028673 0.313131 0.298231 0.0833243 0.210352 0.0715262 0.0264812 0.315022 0.0774927 0.0260354 0.0745217 0.268025 0.0719986 0.11455 0.335821 0.103093 0.0479257 0.446609 0.0952838 0.0511901 0.0859107 0.294106 0.155516 1
0.697099 0.254988 0.671066 0.59491 0.372032 0.203178 0.273664 0.420726 0.331818 0.0122157 0.396705 0.15267 0.3287 0.405863 0.131047 0.0666026 0.0529293 0.226747 0.0668092 0.0313698 0.811811 0.384328 0.742517 0.726947 0.4301 0.131472 0.228514 0.62543 0.18628 0.0649351 0
0.0829665 0.241123 0.0793311 0.0385154 0.462851 0.168395 0 0 0.467172 0.442713 0.146804 0.379862 0.113556 0.0411806 0.479553 0.130742 0 0 0.151517 0.201797 0.0796869 0.287313 0.0677325 0.0323928 0.494156 0.10062 0 0 0.173467 0.220451 1
0.185953 0.0892797 0.175178 0.093404 0.293852 0.0853629 0.0289597 0.0680418 0.196465 0.217987 0.0231034 0.147366 0.0240305 0.008009 0.0599993 0.074789 0.0270707 0.177931 0.302921 0.0875108 0.122376 0.0746268 0.109617 0.050875 0.144951 0.0463467 0.0230351 0.109759 0.113937 0.0747081 1
0.228075 0.255326 0.217469 0.122333 0.34522 0.13171 0.0668463 0.0814115 0.397475 0.215459 0.084121 0.172339 0.0691702 0.0341017 0.127477 0.130592 0.0525 0.102254 0.0969213 0.0751771 0.196371 0.332356 0.17725 0.0926072 0.351516 0.14098 0.115735 0.184055 0.239306 0.171652 1
0.632259 0.399053 0.636514 0.475292 0.581114 0.515674 0.600984 0.747515 0.762121 0.352569 0.166105 0.146482 0.153371 0.116284 0.128225 0.165665 0.0805556 0.259329 0.278578 0.0846433 0.61793 0.528785 0.601076 0.43079 0.581325 0.409339 0.426837 0.92268 0.787108 0.310639 0
0.341663 0.365911 0.335982 0.201442 0.331137 0.280412 0.118627 0.151988 0.225253 0.213353 0.0855694 0.145377 0.0938604 0.045215 0.0813815 0.23003 0.0712374 0.25573 0.115636 0.0638798 0.303095 0.406183 0.307236 0.158106 0.291422 0.306206 0.200639 0.460137 0.191011 0.154401 1
0.536182 0.299966 0.516965 0.3807 0.300172 0.200294 0.191401 0.288966 0.283333 0.0903538 0.0529422 0.025526 0.0499458 0.0413113 0.039195 0.0520398 0.0356566 0.127278 0.0395115 0.00663327 0.475987 0.382196 0.442203 0.301022 0.344912 0.210738 0.282588 0.539863 0.323477 0.0940575 0
0.273984 0.395671 0.264184 0.154358 0.314706 0.143028 0.0729147 0.142346 0.320202 0.271904 0.224371 0.30671 0.205485 0.0875013 0.0971547 0.117523 0.0549495 0.332828 0.363708 0.17205 0.207044 0.30597 0.19239 0.0969082 0.14997 0.0606281 0.0414217 0.164021 0.121033 0.0896629 1
0.312793 0.274941 0.293345 0.181888 0.242394 0.0648427 0.0467901 0.0615308 0.259091 0.110362 0.0530509 0.178085 0.0436319 0.0287973 0.0689397 0.0226966 0.0268939 0.0955484 0.0782068 0.00798065 0.269299 0.375267 0.241546 0.136133 0.223404 0.0474721 0.0846645 0.178179 0.151784 0.0497835 1
0.59487 0.456544 0.588142 0.437116 0.436671 0.344825 0.434864 0.507455 0.469192 0.187026 0.180771 0.547162 0.217971 0.118226 0.32386 0.290789 0.188611 0.651828 0.278578 0.184661 0.458556 0.490938 0.456148 0.277182 0.356138 0.207731 0.305831 0.627148 0.19929 0.13761 0
0.351129 0.584376 0.334877 0.213192 0.15636 0.100761 0.0814433 0.086332 0.326768 0.0920388 0.0434546 0.121773 0.0457051 0.0256221 0.12384 0.109187 0.0497727 0.120667 0.0880565 0.0344446 0.265742 0.531983 0.248967 0.135028 0.201611 0.115173 0.117572 0.191168 0.153755 0.0629674 1
0.542808 0.41258 0.528022 0.395122 0.376185 0.23836 0.27015 0.340308 0.319192 0.15396 0.175412 0.186041 0.14178 0.114957 0.145766 0.0898849 0.072096 0.17329 0.0990319 0.0452582 0.519032 0.516258 0.474077 0.345262 0.497458 0.194245 0.316693 0.473883 0.304356 0.138135 0
0.698992 0.381468 0.715293 0.57158 0.373567 0.542053 0.514292 0.540755 0.333838 0.252317 0.38222 0.219192 0.382133 0.280162 0.135092 0.355604 0.159823 0.2957 0.159819 0.128485 0.72074 0.430704 0.724588 0.540405 0.370006 0.431945 0.463818 0.632646 0.249951 0.219992 0
0.312793 0.410213 0.299703 0.177094 0.243116 0.193884 0.0954077 0.106461 0.290404 0.181761 0.0820206 0.343838 0.0864157 0.0372769 0.126559 0.163788 0.0782576 0.187895 0.174734 0.0730351 0.244397 0.480277 0.235321 0.117062 0.193687 0.141369 0.116054 0.21268 0.173664 0.0996983 1
0.221922 0.348664 0.217124 0.115673 0.442087 0.230507 0.0984067 0.107207 0.403535 0.308551 0.034474 0.113662 0.0299675 0.015947 0.120271 0.112792 0.0464646 0.10036 0.0929814 0.0613578 0.192814 0.447495 0.18223 0.0898053 0.553589 0.261092 0.220288 0.279038 0.323477 0.226027 1
0.319892 0.277308 0.306337 0.187275 0.242033 0.136127 0.0675023 0.0660537 0.208586 0.122999 0.0501539 0.0877829 0.0384489 0.0273964 0.0382432 0.102653 0.0449495 0.1104 0.0760961 0.0373467 0.263607 0.278252 0.23298 0.132889 0.1713 0.150489 0.12492 0.206838 0.154741 0.0990424 1
0.620427 0.478526 0.628222 0.468081 0.499865 0.504325 0.534911 0.636183 0.600505 0.520851 0.347818 0.305605 0.332045 0.2316 0.212496 0.338481 0.193157 0.366736 0.274076 0.173881 0.560299 0.464019 0.539818 0.371313 0.419534 0.30252 0.39393 0.660825 0.340824 0.260068 0
0.461877 0.401759 0.458227 0.307953 0.392435 0.350347 0.315839 0.299105 0.422222 0.139006 0.126743 0.123652 0.106064 0.0716999 0.138117 0.170772 0.0933081 0.226369 0.281533 0.0611505 0.42974 0.453092 0.413815 0.256538 0.562174 0.345597 0.432029 0.623024 0.650108 0.205234 0
0.21151 0.380791 0.207449 0.109438 0.519726 0.227716 0.107568 0.110984 0.39495 0.423126 0.0773493 0.400857 0.0621967 0.0332799 0.294286 0.111215 0.065303 0.142186 0.144622 0.106443 0.184276 0.53678 0.169929 0.0835381 0.558212 0.136129 0.140176 0.21055 0.235955 0.219533 1
0.317999 0.268177 0.303849 0.181379 0.423129 0.184621 0.10656 0.157058 0.339394 0.229992 0.0476553 0.129508 0.0380248 0.0258462 0.0520787 0.044567 0.0428788 0.174901 0.0699049 0.0217309 0.250089 0.30677 0.225957 0.123206 0.321799 0.104113 0.139137 0.311924 0.187857 0.0955005 1
0.321312 0.120392 0.305922 0.186299 0.355241 0.131372 0.0249063 0.0952783 0.268687 0.192923 0.0389643 0.0739038 0.0340197 0.0204297 0.0895741 0.0443191 0.0107879 0.129362 0.192182 0.0313353 0.239772 0.130864 0.217939 0.116963 0.302648 0.0775291 0.0298083 0.199381 0.247979 0.0846123 1
0.192106 0.240785 0.187478 0.0974337 0.497156 0.179928 0.0713683 0.12326 0.330303 0.283067 0.0308528 0.226927 0.0275644 0.012585 0.117109 0.0533467 0.0266667 0.14175 0.130832 0.0450164 0.159374 0.384328 0.147019 0.0703401 0.434062 0.117307 0.0852236 0.255361 0.282476 0.15591 1
0.187846 0.393642 0.194251 0.096543 0.632572 0.314152 0.244611 0.281759 0.421717 0.394693 0.0453015 0.235988 0.0501814 0.0189915 0.215896 0.115571 0.0655303 0.196439 0.080036 0.0741061 0.174671 0.621535 0.183326 0.0808101 0.790662 0.235284 0.321326 0.489347 0.275774 0.269054 0
0.103744 0.140345 0.106489 0.0497985 0.221901 0.208975 0.1403 0.10835 0.64697 0.41428 0.108021 0.420969 0.0872167 0.0312254 0.238807 0.278848 0.108889 0.29551 0.47895 0.170219 0.073995 0.192164 0.0756014 0.030697 0.179555 0.136324 0.111581 0.174811 0.338459 0.195855 1
0.202518 0.342239 0.190104 0.103754 0.29322 0.0759156 0.0118721 0.0281511 0.291414 0.283698 0.00829259 0.159742 0.010564 0.00472546 0.0845429 0.0273981 0.00971212 0.0770032 0.0983284 0.0483676 0.142298 0.384062 0.129339 0.0616152 0.261705 0.048452 0.0202316 0.0973196 0.195545 0.138331 1
0.211984 0.285763 0.205929 0.110117 0.324095 0.176554 0.0783505 0.0746521 0.177273 0.262637 0.078327 0.154438 0.0809499 0.0301234 0.167896 0.182263 0.0560859 0.147888 0.155597 0.0869235 0.168979 0.255597 0.160765 0.0748624 0.285478 0.147093 0.0979233 0.189313 0.126749 0.139971 1
0.193052 0.177545 0.191417 0.0977306 0.457434 0.219588 0.126453 0.166054 0.361616 0.402485 0.0175991 0.10217 0.028177 0.00746734 0.193868 0.124057 0.0696465 0.191324 0.21948 0.0698566 0.141942 0.210021 0.146173 0.0626229 0.46642 0.187938 0.183626 0.369416 0.342204 0.234553 1
0.122391 0.209672 0.113468 0.0577306 0.288977 0.0659162 0.0387067 0.0828529 0.24798 0.296335 0.0375521 0.10385 0.0215804 0.010904 0.337458 0.0611951 0.0299495 0.182288 0.224405 0.0913802 0.0917823 0.190298 0.0763484 0.0370379 0.523212 0.0658381 0.0571965 0.248179 0.234969 0.17539 1
0.213403 0.165032 0.208693 0.11088 0.46917 0.192933 0.124367 0.0978628 0.363131 0.33235 0.033279 0.178085 0.0381661 0.0140792 0.110276 0.141857 0.104949 0.152264 0.148421 0.0939368 0.159018 0.263326 0.157528 0.0694062 0.422836 0.168534 0.207348 0.255361 0.27124 0.241112 1
0.154716 0.218803 0.157073 0.076649 0.482712 0.281332 0.157591 0.197068 0.34495 0.480834 0.0927757 0.245491 0.0395797 0.0296564 0.298365 0.303407 0.101111 0.29248 0.271683 0.231508 0.119175 0.228945 0.105185 0.0504326 0.455854 0.202491 0.151597 0.334845 0.205598 0.275351 1
0.543282 0.297937 0.534241 0.395122 0.416268 0.263542 0.312793 0.437127 0.541414 0.216091 0.213 0.246376 0.189653 0.137838 0.161743 0.106934 0.0708586 0.26899 0.222576 0.0988081 0.533618 0.417377 0.506948 0.348457 0.453213 0.176199 0.252157 0.564261 0.41987 0.201692 0
0.116191 0.291173 0.110773 0.0573065 0.435768 0.123244 0.0634958 0.0698807 0.225253 0.413437 0.143545 0.195987 0.118268 0.044225 0.174151 0.0505453 0.0592929 0.124361 0.162352 0.0628088 0.1455 0.346482 0.126401 0.0625246 0.410289 0.0752976 0.0913738 0.173608 0.175241 0.172635 1
0.352075 0.34021 0.350287 0.211665 0.405254 0.290534 0.219962 0.290209 0.413636 0.293597 0.0644577 0.329473 0.0762852 0.037445 0.21389 0.200514 0.0838636 0.269748 0.0948106 0.122888 0.298826 0.502132 0.294288 0.157589 0.475005 0.267107 0.255112 0.537801 0.227282 0.25246 0
0.296228 0.352384 0.297699 0.169417 0.272727 0.315686 0.236645 0.140805 0.273232 0.302443 0.0613797 0.100181 0.123074 0.031767 0.109325 0.483056 0.194015 0.25914 0.103816 0.25006 0.267165 0.359275 0.321679 0.134757 0.32312 0.521301 0.523642 0.466323 0.252316 0.458219 1
0.234228 0.0405817 0.223551 0.126914 0.32581 0.101343 0.061059 0.0892644 0.273232 0.114785 0.0509506 0.151344 0.0420299 0.0226897 0.151681 0.0735122 0.0347475 0.110475 0.0433106 0.0332354 0.208822 0.216418 0.185418 0.0993659 0.437364 0.12633 0.120927 0.236289 0.176424 0.115309 1
0.228548 0.259723 0.217538 0.12106 0.433962 0.111159 0.0551312 0.0771869 0.332323 0.165122 0.0269419 0.346048 0.0119681 0.0143221 0.207975 0.0489981 0.0392929 0.118204 0.330782 0.0377613 0.165066 0.385394 0.145226 0.0747886 0.425477 0.0705436 0.0703115 0.147973 0.322294 0.0703135 1
0.630839 0.586743 0.615783 0.485472 0.427643 0.274278 0.355904 0.463867 0.380808 0.121314 0.103639 0.148692 0.0862272 0.0850545 0.1132 0.101601 0.0534596 0.155048 0.0694827 0.0344446 0.583422 0.723348 0.557249 0.407688 0.535099 0.259248 0.302556 0.583161 0.312636 0.163649 0
0.370533 0.168752 0.351531 0.227869 0.289699 0.0944114 0.0800375 0.126292 0.302525 0.0741365 0.0386384 0.0581241 0.0433492 0.0259956 0.1698 0.0729865 0.0374242 0.200038 0.111414 0.0305407 0.273212 0.148188 0.255441 0.141319 0.282177 0.0716108 0.0879393 0.273368 0.151587 0.0418471 1
0.180747 0 0.172621 0.0908165 0.39099 0.116496 0.0593018 0.0843936 0.162121 0.295704 0.0221981 0.0102104 0.0173868 0.00873742 0.207227 0.056809 0.0277525 0.101231 0.0655429 0.0423216 0.130559 0 0.115793 0.0562328 0.478307 0.0954779 0.0836262 0.158179 0.103489 0.143972 1
0.282503 0.213392 0.271923 0.157031 0.432157 0.184191 0.144213 0.167495 0.338384 0.310447 0.0354517 0.0891531 0.0223343 0.0202989 0.238366 0.133521 0.0589646 0.214435 0.258457 0.132354 0.206688 0.210821 0.191245 0.0983582 0.509344 0.174162 0.178994 0.362887 0.357776 0.267611 1
0.130484 0.0764288 0.120586 0.0615058 0.359935 0.0663763 0 0 0.425758 0.300337 0.0316133 0.0300124 0.0217217 0.0101943 0.147092 0.0255655 0 0 0.20949 0.0803248 0.0956955 0.0554371 0.0802829 0.0387584 0.344912 0.0434167 0 0 0.303568 0.173619 1
0.550381 0.356442 0.541151 0.403181 0.377088 0.26753 0.34911 0.384245 0.321717 0.148062 0.268477 0.329031 0.229704 0.162007 0.307203 0.187521 0.128308 0.362 0.211741 0.114769 0.475987 0.406183 0.44569 0.299302 0.41359 0.178916 0.27524 0.512027 0.152967 0.125738 0
0.348289 0.127156 0.336673 0.211113 0.419157 0.174406 0.134114 0.228777 0.512626 0.095198 0.148651 0.0998718 0.141639 0.07749 0.182751 0.0903356 0.059596 0.243607 0.207942 0.0196234 0.314479 0.130064 0.29877 0.169092 0.386515 0.121479 0.130351 0.37354 0.295092 0.0372557 1
0.167022 0.452486 0.159353 0.0808908 0.441184 0.14904 0.0584583 0.0931909 0.320707 0.328559 0.06348 0.173002 0.0721858 0.0256968 0.287487 0.0914621 0.046995 0.236787 0.376513 0.037174 0.106724 0.32516 0.0980626 0.0436247 0.284818 0.0570966 0.0332109 0.107388 0.130495 0.0834973 1
0.62232 0.626987 0.604036 0.474019 0.407782 0.257714 0.337395 0.48663 0.349495 0.1131 0.236828 0.464728 0.20949 0.172279 0.137879 0.165064 0.0997475 0.317863 0.15616 0.0553809 0.560655 0.699094 0.520892 0.379915 0.300007 0.159997 0.256789 0.55945 0.198502 0.0743146 0
0.397037 0.441326 0.389814 0.248017 0.355421 0.258328 0.262887 0.371919 0.331818 0.231887 0.0729314 0.106325 0.0621024 0.0422826 0.277697 0.166642 0.114419 0.333965 0.236787 0.0430817 0.302383 0.368337 0.284327 0.158695 0.3601 0.167273 0.227316 0.507216 0.195348 0.0868424 0
0.279663 0.20257 0.278419 0.158261 0.230658 0.234403 0.261246 0.168489 0.187879 0.197767 0.0651095 0.227369 0.0749187 0.0307958 0.159942 0.280575 0.200177 0.336048 0.153346 0.0967697 0.21238 0.204424 0.207729 0.100865 0.185498 0.19832 0.267093 0.349485 0.085551 0.106454 1
0.361541 0.483936 0.350909 0.220233 0.335019 0.204527 0.0726804 0.146968 0.315657 0.183235 0.094369 0.16593 0.0717147 0.0503513 0.107251 0.119626 0.0283081 0.163023 0.182473 0.0690275 0.291 0.45549 0.261417 0.15201 0.266328 0.144861 0.0733946 0.238694 0.188646 0.11426 1
0.412656 0.358471 0.396724 0.264305 0.391261 0.210447 0.154475 0.257903 0.281818 0.11647 0.0935723 0.174549 0.0776987 0.0638366 0.0990244 0.153048 0.0493434 0.185016 0.106771 0.0530316 0.433298 0.554371 0.392898 0.266368 0.463779 0.317655 0.231789 0.529553 0.369012 0.205103 0
0.111316 0.413595 0.105176 0.0511135 0.359032 0.112478 0.093627 0.0637177 0.319192 0.332772 0.0687308 0.335661 0.0642699 0.0206538 0.313662 0.120828 0.100909 0.242849 0.418022 0.128796 0.0681252 0.347281 0.0620051 0.0271825 0.258403 0.0540307 0.0638419 0.08811 0.171496 0.123901 1
0.259312 0.484613 0.277659 0.140997 0.595558 0.67548 0.532568 0.424602 0.489899 0.683867 0.0673909 0.27378 0.0604062 0.0320098 0.184791 0.525115 0.19553 0.271263 0.140823 0.317326 0.254714 0.763859 0.235271 0.129326 0.753682 1 0.882588 0.75945 0.552139 1 0
0.377159 0.26581 0.366664 0.226766 0.578406 0.340838 0.36059 0.428628 0.45303 0.25695 0.428934 0.241292 0.361023 0.177621 0.281708 0.24445 0.166086 0.530593 0.616283 0.0688202 0.377801 0.2508 0.353553 0.193227 0.461798 0.183475 0.267971 0.572852 0.364479 0.107766 0
0.353022 0.184985 0.346762 0.210647 0.424935 0.253727 0.198852 0.27495 0.335354 0.228517 0.04675 0.0838048 0.0642228 0.0268921 0.135738 0.155601 0.0786364 0.282819 0.0936849 0.0564173 0.28175 0.208689 0.289805 0.142966 0.399062 0.238874 0.247843 0.549485 0.221959 0.142923 1
0.644091 0.389922 0.649644 0.499046 0.504378 0.444819 0.512652 0.557157 0.39798 0.258214 0.17342 0.189135 0.162512 0.127546 0.168372 0.192703 0.102576 0.280167 0.0462655 0.0978407 0.566702 0.499467 0.561731 0.387043 0.496797 0.322506 0.413658 0.726117 0.180367 0.22924 0
0.441053 0.20257 0.420911 0.286872 0.375914 0.146433 0.129475 0.226789 0.328788 0.139217 0.034474 0.0243989 0.0183292 0.0259022 0.19312 0.0734371 0.0623737 0.271074 0.0782068 0.0578338 0.334045 0.152985 0.295782 0.182609 0.424156 0.105568 0.155511 0.466323 0.144885 0.11321 1
0.475129 0.482584 0.476885 0.320594 0.605489 0.399423 0.566307 0.597913 0.6 0.291912 0.177223 0.229358 0.152759 0.113893 0.22283 0.214558 0.127323 0.210646 0.184865 0.102228 0.46069 0.534915 0.426764 0.284801 0.60906 0.318819 0.446326 0.634708 0.387345 0.19533 0
0.354915 0.397362 0.348697 0.214083 0.377449 0.24566 0.282099 0.245427 0.512626 0.134794 0.111859 0.411024 0.11987 0.0598956 0.260258 0.207123 0.135631 0.333586 0.22933 0.0813267 0.294557 0.459222 0.288809 0.153288 0.392459 0.165236 0.267492 0.420962 0.286813 0.0880231 0
0.264991 0.293879 0.24905 0.146554 0.282568 0.069873 0.00435801 0.0145328 0.321717 0.180918 0.0580844 0.21875 0.0454224 0.0292269 0.158752 0.0432301 0.00469697 0.0553893 0.250858 0.0386941 0.19815 0.294776 0.175059 0.0931233 0.215479 0.0377895 0.00445607 0.0301443 0.185295 0.0608028 1
0.220029 0.662158 0.214774 0.115207 0.369595 0.203546 0.16776 0.100249 0.373232 0.24642 0.0731486 0.456551 0.0656363 0.0304969 0.276983 0.164689 0.107955 0.17456 0.23735 0.042598 0.184632 0.714019 0.177449 0.0842017 0.458496 0.170572 0.233466 0.23488 0.260004 0.112554 1
0.384259 0.4163 0.369498 0.241485 0.342421 0.157751 0.123079 0.165706 0.280808 0.144903 0.0720623 0.10469 0.063139 0.0431604 0.10069 0.060444 0.0404798 0.174692 0.0431699 0.0253584 0.361793 0.524254 0.335126 0.207629 0.447269 0.173094 0.216613 0.525773 0.218805 0.155385 0
0.17838 0.177883 0.169097 0.0898409 0.228401 0.0981842 0.0527413 0.0391402 0.171212 0.145746 0.0510592 0.194219 0.0494275 0.0204297 0.164327 0.116847 0.0509596 0.106308 0.124219 0.0506132 0.14301 0.231876 0.136361 0.0629178 0.240573 0.0921792 0.0779153 0.117285 0.144885 0.0829726 1
0.374793 0.433548 0.402944 0.229692 0.422858 0.623029 0.640347 0.482654 0.495455 0.40059 0.0512403 0.113751 0.127645 0.0324768 0.178536 0.44971 0.200152 0.423186 0.100017 0.168907 0.299538 0.414446 0.373475 0.159138 0.467081 0.661398 0.720367 0.850515 0.256456 0.396563 0
0.30806 0.425769 0.297975 0.177094 0.314977 0.176676 0.111317 0.168191 0.378283 0.152064 0.0442875 0.219413 0.0460821 0.0250244 0.0932114 0.0868808 0.052904 0.224285 0.119998 0.0366557 0.256848 0.527719 0.241994 0.126229 0.297365 0.139525 0.182268 0.44055 0.257441 0.09268 1
0.200625 0.343253 0.194527 0.103415 0.476393 0.148488 0.0117291 0.0376889 0.444444 0.217355 0.0673909 0.354889 0.0566367 0.0239411 0.37995 0.0660017 0.00832576 0.0940898 0.486126 0.0368976 0.144077 0.366738 0.131979 0.0616644 0.470382 0.0673322 0.0106629 0.0694845 0.34043 0.0667716 1
0.193999 0.16909 0.182572 0.0972216 0.433059 0.116711 0.0553655 0.12838 0.255556 0.352359 0.0346913 0.319307 0.0292136 0.0229325 0.450318 0.142383 0.0366919 0.299867 0.322761 0.134393 0.121665 0.127932 0.107575 0.0519318 0.333025 0.053468 0.0314537 0.147973 0.0664301 0.118654 1
0.419755 0.481569 0.414 0.271135 0.28329 0.247899 0.232849 0.2666 0.397475 0.0720304 0.105667 0.158637 0.101117 0.0556184 0.273855 0.217863 0.127551 0.377344 0.30855 0.0727932 0.316969 0.416844 0.306738 0.169903 0.276894 0.160191 0.185463 0.384536 0.24522 0.0513578 0
0.325098 0.253635 0.308548 0.188844 0.317956 0.128765 0.0332709 0.0567097 0.279798 0.18829 0.0387471 0.109596 0.0347736 0.0207472 0.0981065 0.0519497 0.023048 0.0911915 0.0645579 0.0280878 0.268943 0.308102 0.248469 0.132889 0.294063 0.104501 0.0648163 0.175395 0.1575 0.110062 1
0.56032 0.414609 0.552208 0.409968 0.443893 0.366603 0.373477 0.434592 0.44596 0.239259 0.256238 0.347153 0.176035 0.181357 0.216236 0.290113 0.134369 0.347414 0.224405 0.125065 0.524013 0.503998 0.472583 0.348457 0.44793 0.309505 0.31246 0.586942 0.28425 0.184311 0
0.317052 0.223876 0.303849 0.183245 0.362373 0.163088 0.0410497 0.0934394 0.288384 0.244103 0.0337498 0.0264984 0.0290251 0.0195145 0.0718972 0.0373719 0.0178737 0.0961735 0.0374008 0.0277077 0.28175 0.218017 0.254943 0.144564 0.364723 0.125263 0.0963259 0.299107 0.244628 0.149416 1
0.306167 0.290497 0.295833 0.174592 0.447504 0.191001 0.0931115 0.138171 0.291919 0.150379 0.0664494 0.223833 0.0632333 0.0344006 0.141789 0.0950671 0.0472727 0.17742 0.15419 0.0318535 0.255069 0.371002 0.234972 0.126376 0.414251 0.143406 0.110304 0.271856 0.219397 0.0720845 1
0.433007 0.276294 0.436805 0.281527 0.463754 0.418747 0.317245 0.385288 0.473737 0.319924 0.0805722 0.0719369 0.0671913 0.0527234 0.084033 0.198486 0.0672727 0.171756 0.128722 0.10095 0.436855 0.406183 0.409831 0.264402 0.484911 0.53663 0.421246 0.64055 0.533215 0.447724 0
0.322732 0.205614 0.3223 0.186893 0.433962 0.33317 0.182498 0.251938 0.30404 0.330666 0.0605468 0.0575274 0.0565424 0.0309078 0.102118 0.138177 0.0444192 0.174389 0.0607587 0.0772154 0.307364 0.235608 0.298272 0.154149 0.461798 0.31717 0.221965 0.475258 0.201853 0.314574 0
0.327465 0.233683 0.312211 0.193383 0.141284 0.103705 0.0521087 0.0665507 0.380303 0.113732 0.0159334 0.0477369 0.0299204 0.0135002 0.0542204 0.0818488 0.0250101 0.0915325 0.0742669 0.0414579 0.256492 0.260661 0.252951 0.131169 0.149706 0.168146 0.110543 0.213814 0.219594 0.143907 1
0.3038 0.244843 0.288093 0.173446 0.241401 0.115269 0.0511012 0.0732107 0.29798 0.148484 0.0169835 0.0557373 0.0131461 0.0119873 0.0911378 0.076967 0.0366414 0.103883 0.0707491 0.0407324 0.241907 0.257996 0.215897 0.117553 0.331044 0.136129 0.108946 0.240103 0.231816 0.136298 1
0.297648 0.24721 0.281667 0.170901 0.287262 0.0937366 0.0832708 0.122068 0.220202 0.142797 0.0656165 0.117243 0.0606418 0.033392 0.14682 0.0660017 0.0570455 0.171567 0.0976248 0.0553118 0.256492 0.308635 0.241197 0.128687 0.372647 0.100717 0.142652 0.332577 0.185492 0.138987 1
0.257419 0.18025 0.240619 0.141251 0.240408 0.0446292 0.024672 0.0550696 0.245455 0.159646 0.00137606 0.0694616 0 0.00411656 0.0527586 0.020113 0.0163965 0.0712635 0.131114 0.016065 0.187478 0.222548 0.166542 0.0880358 0.214819 0.0489663 0.0498642 0.139244 0.263355 0.0838908 1
0.413129 0.142712 0.402253 0.262227 0.379074 0.230783 0.167174 0.294881 0.381818 0.153117 0.0724968 0.100623 0.0572492 0.0394809 0.119115 0.0968697 0.0423737 0.240197 0.123938 0.0495768 0.340448 0.192697 0.318193 0.181282 0.337648 0.162616 0.136502 0.472165 0.228267 0.102781 1
0.771878 0.573554 0.795453 0.653871 0.554934 0.57978 0.825445 0.805169 0.575758 0.259688 0.160203 0.265161 0.184234 0.142619 0.25883 0.367696 0.226212 0.466944 0.195137 0.148558 0.611526 0.55064 0.63046 0.442587 0.544344 0.377808 0.630351 0.939175 0.3219 0.213695 0
0.320365 0.475482 0.309239 0.189396 0.250971 0.149347 0.110052 0.116501 0.360101 0.0911963 0.117038 0.153996 0.0976299 0.0618755 0.089676 0.18339 0.0851263 0.190756 0.254657 0.0757298 0.251868 0.381663 0.237014 0.127998 0.14865 0.113427 0.108546 0.209828 0.21644 0.0535879 1
0.644564 0.66351 0.665538 0.475716 0.588336 0.790197 0.823336 0.755467 0.675253 0.425442 0.222524 0.272896 0.2363 0.148335 0.163477 0.445579 0.179722 0.315211 0.216103 0.18276 0.633582 0.730277 0.66831 0.402035 0.619626 0.815758 0.74976 0.910653 0.497142 0.452315 0
0.317526 0.215083 0.304402 0.184772 0.274352 0.136065 0.0598875 0.100944 0.410101 0.141744 0.0213652 0.032355 0.028978 0.0134442 0.0855628 0.102277 0.0295202 0.120004 0.162492 0.0442909 0.24582 0.218284 0.242791 0.119298 0.259724 0.176878 0.107508 0.240103 0.346541 0.144103 1
0.368167 0.170105 0.352982 0.222778 0.326081 0.179191 0.107966 0.175348 0.232828 0.192923 0.0837588 0.00837606 0.0838713 0.0415728 0.102628 0.0961937 0.0468434 0.202122 0.193449 0.0652272 0.332266 0.157516 0.317695 0.170959 0.335667 0.168437 0.171805 0.429897 0.304356 0.175981 1
0.237541 0.200879 0.229148 0.127169 0.402636 0.160328 0.0972587 0.0925944 0.514647 0.204718 0.0418613 0.197755 0.0322292 0.0174786 0.144678 0.119176 0.0506818 0.133112 0.166573 0.0591467 0.204198 0.343284 0.186115 0.0940572 0.439345 0.167855 0.18107 0.262268 0.357579 0.15873 1
0.309953 0.0415962 0.304886 0.176331 0.690349 0.261702 0.161129 0.325845 0.678283 0.346462 0.10813 0.144493 0.0892899 0.0482781 0.397287 0.196308 0.0293434 0.156071 0.250999 0.182035 0.218783 0.0125266 0.203944 0.103298 0.488212 0.107314 0.0682029 0.254536 0.225705 0.110652 1
0.439159 0.411566 0.44026 0.289841 0.5766 0.33409 0.421509 0.39667 0.408586 0.323505 0.16625 0.242397 0.10385 0.0951031 0.300744 0.265179 0.147449 0.224664 0.455029 0.182829 0.34863 0.351546 0.315205 0.19416 0.471703 0.178818 0.267093 0.359794 0.23083 0.160632 0
0.483648 0.500845 0.486559 0.333362 0.49174 0.501871 0.396439 0.394831 0.437879 0.314027 0.173529 0.15046 0.138906 0.117049 0.139613 0.404873 0.107374 0.213487 0.103957 0.186699 0.547492 0.581023 0.503959 0.367627 0.576702 0.690893 0.524441 0.652577 0.344569 0.51725 0
0.0368688 0.501522 0.0285398 0.0159067 0 0.0743513 0 0 0.266162 0.187026 0.0992939 0.235988 0.0843896 0.0230632 0.186151 0.0180851 0 0 0.265633 0.0652272 0.0542867 0.489072 0.0435779 0.0204974 0.124084 0.0360431 0 0 0.257441 0.100682 1
0.206304 0.300981 0.200194 0.105069 0.471879 0.201245 0.100797 0.128926 0.437879 0.255897 0.047619 0.143609 0.0345851 0.0212702 0.233334 0.106333 0.053005 0.209699 0.231581 0.0111245 0.161508 0.293443 0.143135 0.0721097 0.509344 0.126233 0.129712 0.29354 0.294697 0.0838908 1
0.249373 0.278323 0.23827 0.13438 0.30613 0.145421 0.0910262 0.115855 0.459596 0.259478 0.0392902 0.137487 0.0342553 0.0181323 0.129347 0.1004 0.0503535 0.150104 0.14223 0.0548972 0.201352 0.351812 0.180238 0.0931479 0.333686 0.146996 0.155192 0.282165 0.305145 0.172373 1
0.232808 0.167061 0.237164 0.122715 0.564864 0.338077 0.086926 0.149254 0.472222 0.598779 0.103096 0.0648868 0.106677 0.0340457 0.287487 0.339156 0.0704293 0.210267 0.329093 0.294628 0.185699 0.11967 0.178545 0.0797287 0.470382 0.217724 0.0752396 0.207629 0.229056 0.31851 1
0.3038 0.365573 0.30993 0.17527 0.523337 0.391142 0.338566 0.406163 0.533333 0.490522 0.101068 0.126061 0.110069 0.0501832 0.125812 0.153198 0.0871717 0.252699 0.129003 0.107445 0.301672 0.470149 0.313213 0.162013 0.569438 0.347634 0.407827 0.704811 0.398186 0.366391 0
0.578778 0.299628 0.564647 0.427784 0.47549 0.329182 0.309981 0.447018 0.432828 0.203244 0.223067 0.184052 0.192244 0.178742 0.161301 0.156277 0.0743687 0.291343 0.149688 0.0591812 0.647812 0.429637 0.596095 0.481665 0.602457 0.314162 0.309824 0.718557 0.388725 0.182999 0
0.379052 0.419344 0.371363 0.233383 0.293581 0.254954 0.160708 0.192644 0.446465 0.193134 0.0749955 0.215656 0.0731753 0.0405455 0.0930075 0.19398 0.0836364 0.226558 0.157286 0.107791 0.314123 0.520522 0.297774 0.167592 0.241234 0.298057 0.248722 0.449485 0.315001 0.245769 1
0.596763 0.285424 0.60058 0.454083 0.535976 0.451567 0.587629 0.639165 0.488384 0.228728 0.22629 0.152007 0.190124 0.1686 0.0796818 0.154099 0.101742 0.246827 0.12633 0.0837105 0.668801 0.382996 0.620001 0.503048 0.479628 0.346664 0.54393 0.772165 0.40962 0.243933 0
0.206304 0.390599 0.198259 0.107317 0.315609 0.142231 0.120267 0.0943837 0.215657 0.322873 0.0445048 0.138327 0.0395797 0.0179455 0.251555 0.100024 0.0616919 0.121898 0.109726 0.0546554 0.180719 0.456556 0.167239 0.0818177 0.651984 0.18658 0.249201 0.284467 0.249162 0.218287 1
0.192106 0.17653 0.185751 0.0972216 0.245915 0.15769 0.0830834 0.103082 0.476263 0.263269 0.0190838 0.14825 0.0246902 0.00911098 0.1218 0.12601 0.0435101 0.131843 0.153628 0.0361375 0.14799 0.234808 0.146023 0.0643679 0.25312 0.165818 0.124042 0.232096 0.322689 0.116949 1
0.268304 0.286101 0.268814 0.145111 0.496254 0.349733 0.18784 0.252187 0.293434 0.391323 0.0437806 0.0603342 0.0442445 0.0216624 0.13567 0.170998 0.0665657 0.195492 0.136602 0.0921748 0.229456 0.269989 0.223517 0.110229 0.542363 0.346276 0.286102 0.483505 0.328208 0.316542 1
0.601022 0.404802 0.595052 0.445599 0.409317 0.351267 0.436504 0.548211 0.516162 0.151432 0.185081 0.425168 0.208076 0.113669 0.103444 0.236038 0.109722 0.34211 0.4176 0.082674 0.527215 0.603411 0.533841 0.332973 0.334346 0.30902 0.378115 0.774914 0.488863 0.158337 0
0.477969 0.589787 0.465828 0.333998 0.418435 0.281026 0.235942 0.319632 0.370202 0.27064 0.296071 0.174991 0.249446 0.202462 0.238876 0.149743 0.0687121 0.276189 0.176845 0.121679 0.534685 0.598881 0.50645 0.359516 0.586608 0.210641 0.210783 0.534364 0.284841 0.233242 0
0.551328 0.520798 0.559809 0.400636 0.48542 0.519355 0.543346 0.61829 0.567172 0.252949 0.260438 0.244386 0.226971 0.183411 0.154163 0.236489 0.131212 0.21936 0.171498 0.126619 0.541444 0.586087 0.548284 0.364923 0.514627 0.386539 0.489856 0.635052 0.370392 0.280598 0
0.292915 0.287792 0.279801 0.167041 0.198881 0.12441 0.113847 0.142644 0.19899 0.11647 0.0328807 0.0717822 0.0225698 0.0188421 0.144678 0.0952174 0.0394949 0.160314 0.0428885 0.026844 0.247954 0.316365 0.222571 0.123476 0.37661 0.164168 0.14984 0.359107 0.132072 0.0932048 1
0.40461 0.806561 0.414 0.255101 0.484517 0.443286 0.410262 0.417445 0.520707 0.348357 0.0472207 0.202838 0.053998 0.0302915 0.123466 0.175053 0.0729545 0.193597 0.0290567 0.085127 0.375667 1 0.377957 0.208858 0.773493 0.513345 0.455511 0.692096 0.383797 0.428703 0
0.18548 0.109909 0.172068 0.094719 0.203304 0.0545979 0.00723992 0.0327435 0.192929 0.157329 0.0616694 0.0886669 0.0495217 0.0219239 0.150559 0.0291555 0.00463384 0.0677401 0.119435 0.0611505 0.157595 0.164712 0.137756 0.0699961 0.303308 0.0539919 0.0148083 0.135842 0.231224 0.143054 1
0.250319 0.685154 0.232396 0.136543 0.219915 0.0447825 0 0 0.323737 0.203033 0.120949 0.726397 0.100221 0.0529102 0.19125 0.044995 0 0 0.331063 0.0774227 0.196371 0.693763 0.172668 0.0918453 0.152216 0.0240999 0 0 0.166371 0.0812672 1
0.290075 0.197836 0.300048 0.16403 0.786946 0.481934 0.485239 0.477187 0.436869 0.567818 0.101141 0.124558 0.0778872 0.0520323 0.185233 0.20179 0.138207 0.262929 0.106771 0.214303 0.298115 0.276652 0.278849 0.157786 0.759625 0.37121 0.509265 0.682474 0.311847 0.56054 0
0.459511 0.354751 0.437496 0.302906 0.201679 0.158702 0.0854967 0.114662 0.39697 0.0692924 0.0491762 0.0459026 0.0479668 0.0301607 0.0324302 0.0916874 0.0359343 0.100341 0.165025 0.0278114 0.400213 0.387527 0.382937 0.220901 0.196328 0.256823 0.197843 0.300241 0.613444 0.138987 0
0.130673 0.201556 0.122383 0.0620997 0.340706 0.0843813 0.0258435 0.0699304 0.515657 0.277169 0.056817 0.231789 0.0467889 0.0179082 0.410885 0.0632229 0.0210783 0.179428 0.142089 0.11629 0.10032 0.236141 0.0880522 0.0417814 0.498778 0.0644313 0.0322923 0.177285 0.251528 0.175193 1
0.21719 0.315523 0.210144 0.112916 0.29638 0.177412 0.128515 0.0709742 0.490404 0.267692 0.0633351 0.23864 0.068275 0.0252111 0.189176 0.136825 0.112298 0.166679 0.151939 0.084436 0.182853 0.398721 0.179391 0.0824076 0.354817 0.161452 0.204473 0.229003 0.289769 0.182343 1
0.129632 0.287792 0.117062 0.0613362 0.152298 0.0124532 0 0 0.299495 0.305602 0.0877784 1 0.0694058 0.0278074 0 0.0336768 0 0 0.423651 0.0273968 0.0725009 0.234808 0.0589671 0.0291486 0 0 0 0 0.06781 0.0691985 1
0.401297 0.330402 0.40018 0.256797 0.510698 0.315686 0.343486 0.401938 0.439899 0.168492 0.131378 0.0940815 0.110116 0.0775274 0.153891 0.0945414 0.0710354 0.207047 0.0856644 0.0541026 0.403059 0.372601 0.370985 0.238596 0.550948 0.20579 0.302796 0.520275 0.250739 0.164961 0
0.284396 0.152858 0.278419 0.157285 0.379074 0.246212 0.087582 0.104274 0.29899 0.472199 0.0253123 0.0621022 0.00776987 0.01421 0.119591 0.156202 0.0786111 0.138568 0.119716 0.166039 0.205977 0.13033 0.184123 0.096048 0.284158 0.165139 0.115815 0.201031 0.170905 0.3008 1
0.576412 0.571187 0.569484 0.421845 0.445698 0.386234 0.450094 0.480318 0.425253 0.257793 0.189969 0.14162 0.167931 0.117386 0.193052 0.167017 0.100707 0.244933 0.0910114 0.0881327 0.561722 0.636461 0.544798 0.378195 0.706795 0.346179 0.459585 0.643299 0.333728 0.276532 0
0.646457 0.25837 0.628913 0.505408 0.377629 0.270597 0.357779 0.444384 0.258081 0.101516 0.181858 0.0657046 0.158413 0.131151 0.152905 0.125409 0.067702 0.233378 0.0686385 0.0281914 0.62042 0.297175 0.57966 0.432757 0.561514 0.269921 0.332188 0.725773 0.221565 0.101732 0
0.389938 0.707136 0.411927 0.243224 0.470976 0.580701 0.59747 0.468638 0.539394 0.454086 0.0538475 0.186704 0.0756255 0.0296004 0.0989904 0.346892 0.185833 0.304603 0.18979 0.181275 0.34116 0.820096 0.38991 0.179365 0.46576 0.741634 0.934505 0.809622 0.497536 0.563164 0
0.290075 0.433886 0.298735 0.16369 0.429448 0.395436 0.20396 0.253579 0.39899 0.487363 0.0295492 0.124226 0.0345851 0.0154801 0.120271 0.211479 0.0637879 0.157303 0.242838 0.114113 0.235503 0.456823 0.244385 0.111605 0.420855 0.400607 0.252556 0.386942 0.505224 0.344746 1
0.158029 0.224552 0.148711 0.0769459 0.376546 0.0937366 0.0237113 0.0273111 0.416667 0.253791 0.0358139 0.134105 0.0282241 0.0115204 0.182649 0.0375146 0.0255556 0.104092 0.1086 0.0591121 0.118107 0.259861 0.103143 0.0490808 0.378591 0.0593086 0.035016 0.0818213 0.219988 0.124295 1
0.222869 0.49814 0.22514 0.111516 0.640697 0.4166 0.105787 0.225199 0.540909 0.507372 0.0667029 0.357541 0.0660133 0.0264252 0.37961 0.245576 0.047096 0.334533 0.1086 0.170288 0.179651 0.53758 0.177848 0.0743462 0.69755 0.288937 0.111422 0.449485 0.244037 0.292929 1
0.294808 0.620561 0.283947 0.167508 0.307665 0.151494 0.0699859 0.162773 0.286869 0.165333 0.0447583 0.273338 0.0368468 0.0206351 0.11082 0.0861297 0.0378283 0.172703 0.131677 0.0154776 0.2291 0.670309 0.209522 0.109221 0.237932 0.107508 0.0848243 0.273471 0.178987 0.0615899 1
0.369114 0.481231 0.370465 0.222609 0.58292 0.394209 0.29686 0.448757 0.45101 0.3492 0.0891544 0.203501 0.0797719 0.0531156 0.16963 0.156578 0.0584596 0.224285 0.156442 0.080463 0.333689 0.569563 0.319687 0.181847 0.618306 0.304945 0.241534 0.554639 0.346146 0.223468 0
0.351602 0.338857 0.360998 0.21527 0.315428 0.454635 0.319119 0.328131 0.330303 0.462511 0.278689 0.311572 0.169769 0.131319 0.205629 0.782197 0.251515 0.52491 0.462768 0.758853 0.278904 0.269456 0.255441 0.143064 0.189262 0.213358 0.177316 0.350859 0.139365 0.216122 1
0.521984 0.366926 0.515583 0.366278 0.428546 0.33593 0.274133 0.385785 0.533333 0.227675 0.232953 0.205048 0.216558 0.154909 0.213618 0.185868 0.0943687 0.31218 0.29673 0.107134 0.483814 0.3742 0.463121 0.304955 0.39444 0.19929 0.203195 0.511684 0.332348 0.139118 0
0.251739 0.209334 0.242139 0.135822 0.254311 0.163027 0.0900656 0.0822068 0.306566 0.100674 0.0458809 0.105043 0.0438204 0.021513 0.145596 0.149217 0.0534596 0.12186 0.174031 0.0286751 0.192814 0.201759 0.180487 0.0888468 0.253781 0.133607 0.113658 0.165464 0.180761 0.052604 1
0.552747 0.250592 0.536314 0.39597 0.476393 0.277958 0.341378 0.430666 0.457576 0.256318 0.217744 0.269802 0.194977 0.156273 0.217187 0.140881 0.0843939 0.303277 0.176845 0.126965 0.509427 0.343284 0.473081 0.335185 0.522552 0.195797 0.261342 0.575258 0.261975 0.193625 0
0.188793 0.253297 0.193076 0.0967126 0.329692 0.281946 0.221579 0.179573 0.216667 0.346251 0.0528336 0.224496 0.0965462 0.0211954 0.232927 0.331421 0.162374 0.334912 0.102409 0.140992 0.157595 0.395789 0.197868 0.071569 0.44859 0.369561 0.381709 0.534364 0.192194 0.2642 1
0.231388 0.400068 0.228319 0.122375 0.121874 0.266916 0.205647 0.118588 0.14596 0.340354 0.0523266 0.263835 0.0564482 0.0250991 0.174763 0.438444 0.168258 0.294185 0.220324 0.277423 0.172892 0.430704 0.164849 0.0791388 0.154527 0.303296 0.257029 0.300687 0.14587 0.291749 1
0.114345 0.404802 0.11029 0.0531495 0.24429 0.126219 0.0875117 0.0254871 0.108081 0.363943 0.00257107 0.181621 0.0196485 0 0.129245 0.183916 0.0943182 0.0971396 0.163618 0.127414 0.0723942 0.42564 0.0806813 0.0284605 0.247177 0.156601 0.149201 0.08811 0.159866 0.242818 1
0.0931894 0.204599 0.10331 0.0431389 0.379074 0.321821 0.217034 0.114712 0.123737 0.456403 0.07304 0.136735 0.11888 0.0189354 0.565557 0.490792 0.233914 0.437204 0.224546 0.162584 0.0527926 0.134595 0.0643956 0.0208415 0.308591 0.155825 0.123323 0.132165 0.0171496 0.145481 1
0.762412 0.342239 0.748462 0.652598 0.368241 0.331636 0.39269 0.498509 0.224747 0.10278 0.427123 0.0850866 0.41832 0.323867 0.137336 0.235137 0.100404 0.408411 0.198796 0.0691657 0.813234 0.315832 0.802281 0.638223 0.321799 0.325222 0.303035 0.778007 0.264735 0.116293 0
0.27919 0.649645 0.267501 0.157285 0.258193 0.119195 0.14515 0.116451 0.255556 0.149958 0.0362484 0.22096 0.0351034 0.01873 0.227725 0.144786 0.0984343 0.144346 0.127596 0.065849 0.212024 0.632196 0.191394 0.10089 0.340289 0.130696 0.194808 0.223127 0.159077 0.113997 1
0.359648 0.399729 0.370534 0.212641 0.476393 0.513527 0.33388 0.436531 0.60202 0.406066 0.0517835 0.137686 0.0637516 0.026612 0.0931094 0.21253 0.067702 0.256109 0.0936849 0.097288 0.344717 0.564765 0.358534 0.174916 0.53708 0.61803 0.442412 0.928179 0.532032 0.475272 0
0.318472 0.303348 0.310552 0.181336 0.42006 0.268757 0.126172 0.188022 0.330303 0.389006 0.0751765 0.196429 0.0719502 0.0366979 0.170854 0.152146 0.0526768 0.256109 0.15222 0.0985317 0.255425 0.36274 0.244136 0.126991 0.471043 0.222478 0.154553 0.441237 0.253105 0.231339 1
0.229968 0.304024 0.23592 0.126023 0.526045 0.405558 0.28538 0.257555 0.626768 0.590354 0.134347 0.148029 0.128069 0.063874 0.130469 0.239493 0.106187 0.197765 0.208927 0.164864 0.316258 0.429104 0.343593 0.172901 0.611041 0.533816 0.555591 0.531271 0.630002 0.558573 0
0.132803 0.345959 0.126598 0.0640509 0.449309 0.103153 0.0160005 0.0394483 0.146465 0.398905 0.0809343 0.371906 0.0647882 0.0247442 0.320121 0.0929642 0.013404 0.0994507 0.142511 0.164864 0.106368 0.38033 0.091638 0.0444603 0.399062 0.0654306 0.0163658 0.0818213 0.072738 0.228519 1
0.606702 0.400744 0.59367 0.46087 0.371942 0.341145 0.298032 0.431958 0.522222 0.12321 0.305559 0.182505 0.26999 0.219646 0.173063 0.221092 0.0870202 0.324304 0.15602 0.108827 0.633227 0.442964 0.597092 0.44824 0.423496 0.287384 0.288898 0.62543 0.296669 0.180441 0
0.606228 0.521136 0.598507 0.444751 0.441184 0.427949 0.596298 0.571074 0.576768 0.235257 0.138982 0.185378 0.0946143 0.105581 0.11286 0.221843 0.120076 0.197575 0.111133 0.080463 0.522946 0.574627 0.489516 0.345016 0.371987 0.348119 0.453115 0.595189 0.342992 0.194215 0
0.250319 0.277646 0.239237 0.13684 0.308928 0.140728 0.0752343 0.131859 0.457576 0.12658 0.0806446 0.314003 0.0622909 0.0354652 0.141925 0.156578 0.0519949 0.203637 0.251843 0.0474002 0.219495 0.44936 0.192191 0.104453 0.348874 0.147675 0.109984 0.32756 0.372561 0.0913027 1
0.21577 0.0341562 0.206897 0.112662 0.300984 0.123643 0.0320291 0.0442694 0.390404 0.232519 0.0071338 0 0.0164915 0.00492344 0.0819594 0.0837264 0.0253283 0.0884069 0.175015 0.0365175 0.156884 0.0226546 0.153494 0.0694554 0.251139 0.131278 0.0664856 0.162027 0.359748 0.126591 1
0.207251 0.26581 0.198328 0.108717 0.324546 0.103521 0.0652062 0.104374 0.273232 0.193134 0.029006 0.264056 0.0283655 0.0128092 0.12503 0.0577928 0.0293687 0.111233 0.0777847 0.0263949 0.182142 0.647655 0.172618 0.0826042 0.489533 0.13089 0.144649 0.2989 0.277548 0.146989 1
0.509679 0.619547 0.507981 0.355504 0.427372 0.343599 0.397844 0.412177 0.329798 0.193766 0.100742 0.158416 0.0997031 0.0693839 0.102016 0.134422 0.0933586 0.210267 0.0631508 0.0573847 0.483814 0.706823 0.473081 0.307658 0.455194 0.338514 0.511102 0.676976 0.277351 0.234225 0
0 0.125803 0 0 0.581114 0.172689 0 0 0.439394 0.594356 0.0407749 0.253669 0.0375065 0.00566121 0.288167 0.0644997 0 0 0.263241 0.110727 0 0.200426 0 0 0.576042 0.0901418 0 0 0.269466 0.254362 1
0.521037 0.370308 0.511437 0.359788 0.460143 0.340531 0.281396 0.438569 0.470707 0.22599 0.123918 0.113397 0.108561 0.080329 0.187579 0.191276 0.0633586 0.280356 0.0880565 0.0843324 0.467805 0.356876 0.436725 0.28603 0.508684 0.335895 0.263658 0.678351 0.294697 0.196707 0
0.263098 0.223537 0.258863 0.141166 0.570281 0.273357 0.138894 0.162972 0.44596 0.340354 0.0529422 0.162394 0.038119 0.0218305 0.271578 0.100775 0.0650253 0.219928 0.283222 0.054759 0.20064 0.25 0.180587 0.0901494 0.5734 0.143406 0.150879 0.289038 0.313424 0.133412 1
0.572152 0.510653 0.583996 0.407423 0.344678 0.612294 0.493674 0.49508 0.631313 0.283698 0.314901 0.288587 0.380389 0.183224 0.164361 0.738637 0.24553 0.499716 0.6395 0.233235 0.574884 0.563699 0.632452 0.360254 0.353497 0.695744 0.578435 0.856701 0.612064 0.319822 0
0.274457 0.229286 0.259692 0.15228 0.412386 0.101098 0.0855904 0.142346 0.267677 0.138374 0.0453739 0.113375 0.0336427 0.0215316 0.212428 0.0252351 0.0400253 0.164084 0.206253 0.0349283 0.196727 0.20629 0.175606 0.0908622 0.385855 0.0420293 0.0829872 0.202131 0.161246 0.0594254 1
0.237541 0.62631 0.227904 0.126829 0.28654 0.138396 0.0950094 0.09667 0.280303 0.233361 0.0288611 0.297207 0.0357631 0.0131827 0.19108 0.177532 0.0742677 0.173631 0.134632 0.117706 0.183565 0.689232 0.172618 0.0831941 0.327742 0.153593 0.144649 0.244536 0.173862 0.17644 1
0.252686 0.0906324 0.242278 0.135992 0.45292 0.154684 0.0934161 0.183897 0.45404 0.20198 0.0450842 0.0674947 0.0430194 0.0198507 0.21525 0.0717097 0.0425 0.235082 0.159819 0.0467438 0.19815 0.0964819 0.182081 0.0894367 0.444628 0.0963511 0.0992013 0.322715 0.248768 0.0831038 1
0.252213 0.230301 0.244627 0.138876 0.352893 0.150021 0.0790066 0.112922 0.333333 0.193345 0.050335 0.146924 0.0463177 0.0240531 0.106775 0.119701 0.0461111 0.150881 0.0841166 0.0486785 0.219851 0.298241 0.195727 0.104675 0.30661 0.152332 0.136022 0.297594 0.207569 0.138069 1
0.887359 0.26209 0.901182 0.791729 0.562156 0.665358 0.789128 0.950795 0.452525 0.236942 0.319862 0.108447 0.304622 0.273251 0.158276 0.301754 0.107727 0.28566 0.217651 0.0860252 0.896478 0.308102 0.890931 0.749312 0.540382 0.549534 0.515256 0.947079 0.418884 0.217172 0
0.263098 0.282719 0.246217 0.147784 0.196172 0.0218392 0.00279756 0.0270825 0.236364 0.0398062 0.0867644 0.130945 0.0740706 0.0401533 0.138355 0.018333 0.00200253 0.0685168 0.176563 0.00563137 0.205977 0.238806 0.181334 0.098432 0.143697 0.0155039 0.00286022 0.0561856 0.131678 0.00111507 1
0.305694 0.40142 0.292931 0.177943 0.261713 0.125544 0.0728679 0.100944 0.365657 0.124474 0.0459895 0.103054 0.0384017 0.0256407 0.0532685 0.0658515 0.035101 0.130347 0.0832724 0.0135084 0.284596 0.485874 0.259425 0.148127 0.25246 0.171736 0.166534 0.382131 0.281687 0.1077 0
0.249373 0.430504 0.237648 0.13701 0.264422 0.100055 0.0401593 0.062674 0.244444 0.206403 0.0407025 0.172118 0.0386373 0.02099 0.115002 0.0735873 0.0237626 0.0862095 0.115354 0.0519606 0.221985 0.532249 0.210817 0.107575 0.35944 0.148548 0.0982428 0.217698 0.302582 0.17703 1
0.288655 0.202908 0.28913 0.159703 0.495351 0.330102 0.107029 0.154573 0.458081 0.382266 0.0266884 0.0856391 0.0294963 0.0146956 0.0810416 0.125635 0.0428788 0.12294 0.125204 0.0528589 0.233725 0.225746 0.227501 0.109443 0.396421 0.242852 0.150958 0.250275 0.319141 0.175718 1
0.247006 0.185999 0.236473 0.133362 0.307845 0.14131 0.0467198 0.0840954 0.291919 0.238627 0.0528698 0.098811 0.0566367 0.0228017 0.125438 0.0895845 0.0265404 0.0974048 0.076659 0.0404215 0.207044 0.249467 0.202699 0.097793 0.35944 0.160579 0.0932109 0.190928 0.216046 0.161157 1
