0.353495 0.355428 0.350356 0.21175 0.416087 0.310472 0.276476 0.297217 0.449495 0.309604 0.0353793 0.0642459 0.0324648 0.0235675 0.0792399 0.103028 0.050505 0.138341 0.103253 0.0373467 0.369975 0.482409 0.336122 0.21107 0.55491 0.367038 0.396725 0.631615 0.628425 0.303424 0
0.313739 0.506595 0.303849 0.182015 0.360657 0.181707 0.123828 0.15333 0.35404 0.238837 0.0432736 0.142504 0.0468831 0.0243333 0.0807356 0.0712591 0.0453535 0.130328 0.0752519 0.0196925 0.318748 0.629531 0.312715 0.16307 0.50142 0.25333 0.303195 0.456701 0.375517 0.157156 0
0.197312 0.113967 0.187133 0.101124 0.405435 0.0973867 0.0464386 0.0887674 0.388889 0.233572 0.0411371 0.0931091 0.0316638 0.0162085 0.24836 0.0505678 0.030202 0.155939 0.225108 0.025013 0.144433 0.114072 0.128692 0.0628195 0.415572 0.0605602 0.0568371 0.18921 0.255076 0.0831694 1
0.650717 0.724045 0.635132 0.541039 0.379706 0.291148 0.320291 0.429722 0.358081 0.142797 0.38403 0.277758 0.329454 0.360289 0.0964748 0.0940908 0.0541162 0.175791 0.0814431 0.0485058 0.87371 0.936567 0.814732 0.797975 0.455194 0.230045 0.27492 0.570103 0.25685 0.178014 0
0.253632 0.0865742 0.2429 0.137858 0.337637 0.13401 0.0693065 0.131561 0.317677 0.171019 0.00184682 0.0299461 0.000678507 0.00402131 0.0669001 0.0519497 0.0220505 0.108733 0.0479541 0.0162722 0.202063 0.19323 0.183326 0.0933199 0.383213 0.174744 0.143051 0.367698 0.304554 0.136954 1
0.130673 0.318228 0.125354 0.0620149 0.495351 0.196154 0.0209325 0.0977634 0.746465 0.42818 0.211841 0.306489 0.181407 0.0685808 0.386069 0.124658 0.0152045 0.19928 0.325294 0.115046 0.116684 0.297175 0.106479 0.0480977 0.453213 0.104695 0.0166534 0.157698 0.321506 0.164305 1
0.49974 0.324992 0.492779 0.342778 0.334477 0.308018 0.242737 0.372167 0.225253 0.104254 0.103422 0.10343 0.109834 0.0633697 0.148792 0.17603 0.0685101 0.254783 0.113384 0.0609086 0.444326 0.368337 0.443697 0.258995 0.441986 0.305333 0.280192 0.666323 0.268677 0.154992 0
0.165602 0.178221 0.163776 0.0806363 0.411032 0.251273 0.14843 0.110239 0.436869 0.40417 0.0782546 0.169466 0.0851435 0.026089 0.1921 0.273515 0.132904 0.239439 0.193167 0.135947 0.149413 0.254531 0.15439 0.0627212 0.406326 0.264197 0.234744 0.319931 0.286813 0.271678 1
0.486961 0.531282 0.474121 0.333107 0.27697 0.280719 0.282099 0.285089 0.205556 0.0865628 0.144306 0.29146 0.119022 0.0963358 0.217425 0.306636 0.124798 0.329987 0.113384 0.0982553 0.442903 0.624733 0.410329 0.270055 0.478307 0.373442 0.402236 0.597594 0.184309 0.160042 0
0.517251 0.382482 0.557045 0.360764 0.63528 0.730691 0.747188 0.595427 0.531818 0.446293 0.105559 0.0916063 0.111483 0.0648265 0.185131 0.262325 0.155682 0.199091 0.112962 0.145241 0.457844 0.420043 0.493999 0.274971 0.766889 0.547593 0.721566 0.674914 0.331165 0.424767 0
0.114724 0.405479 0.109253 0.0541676 0.467365 0.129471 0.0479616 0.0624752 0.487374 0.338037 0.115408 0.556444 0.0943316 0.0343072 0.442839 0.108811 0.0345202 0.164311 0.317414 0.127656 0.103878 0.51226 0.0912396 0.0428136 0.53774 0.0892686 0.0490495 0.129553 0.257638 0.183655 1
0.364381 0.352384 0.352083 0.22948 0.415636 0.161401 0.173266 0.261382 0.265657 0.19503 0.130798 0.19444 0.114875 0.0720922 0.136146 0.0703578 0.0504545 0.210078 0.0874937 0.0411125 0.3963 0.502665 0.363514 0.234172 0.496797 0.155048 0.232748 0.552921 0.288587 0.177883 0
0.313739 0.516402 0.305853 0.186299 0.381421 0.201613 0.202085 0.223111 0.277273 0.184288 0.124932 0.20549 0.0991377 0.067871 0.141381 0.0948418 0.0668434 0.187933 0.0952327 0.0504405 0.322305 0.61967 0.289805 0.177276 0.365383 0.162034 0.253115 0.406873 0.214075 0.124164 0
0.312793 0.274941 0.293345 0.181888 0.242394 0.0648427 0.0467901 0.0615308 0.259091 0.110362 0.0530509 0.178085 0.0436319 0.0287973 0.0689397 0.0226966 0.0268939 0.0955484 0.0782068 0.00798065 0.269299 0.375267 0.241546 0.136133 0.223404 0.0474721 0.0846645 0.178179 0.151784 0.0497835 1
0.323205 0.474806 0.330108 0.192704 0.719238 0.482854 0.365042 0.456064 0.601515 0.510741 0.16415 0.346932 0.148518 0.0857642 0.241731 0.216511 0.0785859 0.244554 0.170231 0.124754 0.400925 0.795043 0.388914 0.237859 1 0.478903 0.371086 0.691753 0.565149 0.351305 0
0.273984 0.666892 0.259554 0.154571 0.272005 0.0704251 0.0467901 0.074503 0.241919 0.135004 0.0468586 0.222507 0.0339255 0.0223348 0.242105 0.0756902 0.0335354 0.176264 0.15602 0.0287096 0.211313 0.639126 0.187709 0.100644 0.344912 0.0767529 0.0691134 0.223299 0.165977 0.0642791 1
0.154716 0.218803 0.157073 0.076649 0.482712 0.281332 0.157591 0.197068 0.34495 0.480834 0.0927757 0.245491 0.0395797 0.0296564 0.298365 0.303407 0.101111 0.29248 0.271683 0.231508 0.119175 0.228945 0.105185 0.0504326 0.455854 0.202491 0.151597 0.334845 0.205598 0.275351 1
0.202518 0.342239 0.190104 0.103754 0.29322 0.0759156 0.0118721 0.0281511 0.291414 0.283698 0.00829259 0.159742 0.010564 0.00472546 0.0845429 0.0273981 0.00971212 0.0770032 0.0983284 0.0483676 0.142298 0.384062 0.129339 0.0616152 0.261705 0.048452 0.0202316 0.0973196 0.195545 0.138331 1
0.130673 0.201556 0.122383 0.0620997 0.340706 0.0843813 0.0258435 0.0699304 0.515657 0.277169 0.056817 0.231789 0.0467889 0.0179082 0.410885 0.0632229 0.0210783 0.179428 0.142089 0.11629 0.10032 0.236141 0.0880522 0.0417814 0.498778 0.0644313 0.0322923 0.177285 0.251528 0.175193 1
0.171281 0.312479 0.176145 0.0860657 0.399476 0.292375 0.149649 0.131312 0.435354 0.31487 0.122759 0.184936 0.125948 0.037912 0.195703 0.252035 0.084697 0.258572 0.382141 0.0837105 0.140519 0.291045 0.138802 0.0588871 0.331044 0.21753 0.153035 0.272371 0.271043 0.136626 1
0.522931 0.241461 0.509364 0.359067 0.332581 0.318447 0.255389 0.310835 0.333333 0.165122 0.067753 0.0509194 0.0548462 0.0541055 0.0817215 0.100249 0.0751263 0.184751 0.071312 0.0532389 0.442903 0.266525 0.412819 0.272021 0.364063 0.23218 0.342652 0.527491 0.251725 0.178473 0
0.0354016 0.533649 0.0289545 0.0149735 0.255936 0.0901785 0 0 0.409091 0.482098 0.0963969 0.243502 0.0817509 0.0230445 0.372132 0.0558777 0 0 0.294619 0.206495 0.040804 0.503731 0.033667 0.0154345 0.35944 0.0544382 0 0 0.294303 0.29083 1
0.601022 0.404802 0.595052 0.445599 0.409317 0.351267 0.436504 0.548211 0.516162 0.151432 0.185081 0.425168 0.208076 0.113669 0.103444 0.236038 0.109722 0.34211 0.4176 0.082674 0.527215 0.603411 0.533841 0.332973 0.334346 0.30902 0.378115 0.774914 0.488863 0.158337 0
0.572152 0.510653 0.583996 0.407423 0.344678 0.612294 0.493674 0.49508 0.631313 0.283698 0.314901 0.288587 0.380389 0.183224 0.164361 0.738637 0.24553 0.499716 0.6395 0.233235 0.574884 0.563699 0.632452 0.360254 0.353497 0.695744 0.578435 0.856701 0.612064 0.319822 0
0.21435 0.480893 0.212356 0.110286 0.360928 0.253727 0.260544 0.204026 0.165657 0.331508 0.0460981 0.562191 0.0555529 0.0189915 0.220519 0.207048 0.144899 0.240008 0.0984691 0.132769 0.161864 0.670043 0.158723 0.0710283 0.387176 0.217724 0.289936 0.331718 0.107826 0.211728 1
0.364854 0.144403 0.376132 0.217434 0.455629 0.503711 0.339738 0.313121 0.518182 0.507582 0.157414 0.254332 0.190265 0.0796566 0.280892 0.376934 0.133283 0.299299 0.262397 0.15716 0.303451 0.168443 0.317197 0.153362 0.396421 0.326193 0.257109 0.380756 0.248768 0.242949 1
0.355862 0.0399053 0.348905 0.210901 0.518823 0.277652 0.20717 0.287177 0.40202 0.296125 0.0656889 0.109795 0.055176 0.0324768 0.0715573 0.0789197 0.0727778 0.227316 0.157849 0.0660909 0.276414 0.105544 0.260919 0.137706 0.397081 0.146996 0.204473 0.419588 0.26099 0.164109 1
0 0.125803 0 0 0.581114 0.172689 0 0 0.439394 0.594356 0.0407749 0.253669 0.0375065 0.00566121 0.288167 0.0644997 0 0 0.263241 0.110727 0 0.200426 0 0 0.576042 0.0901418 0 0 0.269466 0.254362 1
0.297648 0.24721 0.281667 0.170901 0.287262 0.0937366 0.0832708 0.122068 0.220202 0.142797 0.0656165 0.117243 0.0606418 0.033392 0.14682 0.0660017 0.0570455 0.171567 0.0976248 0.0553118 0.256492 0.308635 0.241197 0.128687 0.372647 0.100717 0.142652 0.332577 0.185492 0.138987 1
0.124237 0.241123 0.12335 0.0581124 0.290512 0.223606 0.197329 0.113917 0.492929 0.448399 0.0263987 0.128779 0.0316638 0.00983941 0.144168 0.243774 0.12697 0.161205 0.135335 0.108343 0.10032 0.29451 0.10379 0.0413881 0.344251 0.304945 0.346725 0.279038 0.279322 0.283419 1
0.27919 0.287792 0.280976 0.148293 0.624447 0.450034 0.113051 0.263569 0.327778 0.475358 0.119899 0.178748 0.11398 0.0514907 0.121018 0.158005 0.0354798 0.235651 0.144622 0.0830541 0.253291 0.329158 0.243538 0.120306 0.491514 0.260801 0.0995208 0.376632 0.200473 0.222288 1
0.264045 0.316537 0.263492 0.145196 0.315699 0.258941 0.241331 0.218241 0.238889 0.250211 0.0900597 0.247039 0.115676 0.0386404 0.276711 0.301154 0.158359 0.372419 0.260427 0.114355 0.193525 0.277452 0.19229 0.0890189 0.253781 0.167758 0.190735 0.318385 0.1096 0.110455 1
0.27351 0.123774 0.266049 0.152959 0.318769 0.184345 0.0949391 0.12664 0.273232 0.240944 0.0778562 0.0661245 0.0748716 0.0343259 0.162525 0.190975 0.0792172 0.2025 0.132662 0.120815 0.222697 0.116738 0.207331 0.106567 0.318497 0.187744 0.141294 0.289038 0.196925 0.18031 1
0.294335 0.206628 0.27835 0.167041 0.29322 0.10162 0.00342315 0.0162078 0.288889 0.189132 0.0285352 0.0471402 0.0210621 0.0162459 0.0652344 0.0421261 0.00284848 0.045198 0.0782068 0.0583866 0.230523 0.22468 0.207132 0.111016 0.274913 0.104113 0.00894569 0.0859107 0.214075 0.188968 1
0.158029 0.224552 0.148711 0.0769459 0.376546 0.0937366 0.0237113 0.0273111 0.416667 0.253791 0.0358139 0.134105 0.0282241 0.0115204 0.182649 0.0375146 0.0255556 0.104092 0.1086 0.0591121 0.118107 0.259861 0.103143 0.0490808 0.378591 0.0593086 0.035016 0.0818213 0.219988 0.124295 1
0.24606 0.365573 0.231014 0.133701 0.248262 0.0644132 0.0558341 0.0879722 0.342929 0.143429 0.0292957 0.267592 0.0200726 0.0147143 0.114458 0.0288852 0.0269949 0.128755 0.0926999 0.0220073 0.192458 0.554904 0.170178 0.0891172 0.271611 0.0595027 0.0914537 0.255361 0.222551 0.090122 1
0.335037 0.252621 0.317601 0.197497 0.251151 0.104994 0.0628163 0.161581 0.293434 0.161752 0.0140865 0.292786 0.022617 0.0109601 0.12435 0.0786944 0.0285859 0.173423 0.130973 0.018967 0.248666 0.355011 0.229145 0.122714 0.233969 0.0929553 0.0675719 0.271856 0.188843 0.0724781 1
0.251739 0.209334 0.242139 0.135822 0.254311 0.163027 0.0900656 0.0822068 0.306566 0.100674 0.0458809 0.105043 0.0438204 0.021513 0.145596 0.149217 0.0534596 0.12186 0.174031 0.0286751 0.192814 0.201759 0.180487 0.0888468 0.253781 0.133607 0.113658 0.165464 0.180761 0.052604 1
0.221922 0.348664 0.217124 0.115673 0.442087 0.230507 0.0984067 0.107207 0.403535 0.308551 0.034474 0.113662 0.0299675 0.015947 0.120271 0.112792 0.0464646 0.10036 0.0929814 0.0613578 0.192814 0.447495 0.18223 0.0898053 0.553589 0.261092 0.220288 0.279038 0.323477 0.226027 1
0.351129 0.584376 0.334877 0.213192 0.15636 0.100761 0.0814433 0.086332 0.326768 0.0920388 0.0434546 0.121773 0.0457051 0.0256221 0.12384 0.109187 0.0497727 0.120667 0.0880565 0.0344446 0.265742 0.531983 0.248967 0.135028 0.201611 0.115173 0.117572 0.191168 0.153755 0.0629674 1
0.270671 0.0831924 0.256306 0.149099 0.317956 0.118275 0.0552952 0.119384 0.264141 0.269377 0.0412095 0.0630967 0.0362814 0.0197386 0.150185 0.0779433 0.0229167 0.15592 0.130129 0.121575 0.203486 0.130597 0.187808 0.0938114 0.397742 0.129435 0.0749601 0.282612 0.238518 0.25974 1
0.131289 0.625296 0.123627 0.0625239 0.245644 0.0824489 0.0361059 0.051839 0.283333 0.201348 0.0241173 0.293228 0.0228997 0.00836387 0.165721 0.0784691 0.0366162 0.115628 0.11057 0.0474348 0.0974742 0.663646 0.0877534 0.0404788 0.263026 0.0811188 0.0574281 0.167216 0.149024 0.111964 1
0.576412 0.571187 0.569484 0.421845 0.445698 0.386234 0.450094 0.480318 0.425253 0.257793 0.189969 0.14162 0.167931 0.117386 0.193052 0.167017 0.100707 0.244933 0.0910114 0.0881327 0.561722 0.636461 0.544798 0.378195 0.706795 0.346179 0.459585 0.643299 0.333728 0.276532 0
0.111316 0.413595 0.105176 0.0511135 0.359032 0.112478 0.093627 0.0637177 0.319192 0.332772 0.0687308 0.335661 0.0642699 0.0206538 0.313662 0.120828 0.100909 0.242849 0.418022 0.128796 0.0681252 0.347281 0.0620051 0.0271825 0.258403 0.0540307 0.0638419 0.08811 0.171496 0.123901 1
0.21009 0.360839 0.233501 0.102906 0.811321 0.811361 0.565604 0.522863 0.776263 1 0.139091 0.175875 0.126655 0.0381548 0.251453 0.543215 0.142955 0.353665 0.728148 0.2872 0.24831 0.385927 0.241347 0.0940081 0.915473 0.814012 0.548642 0.88488 1 0.773711 0
0.483175 0.417991 0.468592 0.332895 0.402907 0.216459 0.212301 0.324404 0.407576 0.122999 0.111823 0.0835617 0.0971587 0.0721295 0.0945032 0.0736624 0.0517172 0.187062 0.0500647 0.0234928 0.485592 0.461354 0.448678 0.307413 0.558872 0.222575 0.310623 0.681787 0.325448 0.135511 0
0.531923 0.304024 0.528713 0.377306 0.561253 0.396049 0.415183 0.526839 0.521212 0.276748 0.261525 0.272454 0.194129 0.17185 0.0743108 0.205471 0.0711364 0.174692 0.265351 0.146174 0.450729 0.322761 0.421784 0.279149 0.375289 0.196379 0.209505 0.455326 0.28701 0.162862 0
0.237541 0.62631 0.227904 0.126829 0.28654 0.138396 0.0950094 0.09667 0.280303 0.233361 0.0288611 0.297207 0.0357631 0.0131827 0.19108 0.177532 0.0742677 0.173631 0.134632 0.117706 0.183565 0.689232 0.172618 0.0831941 0.327742 0.153593 0.144649 0.244536 0.173862 0.17644 1
0.268304 0.286101 0.268814 0.145111 0.496254 0.349733 0.18784 0.252187 0.293434 0.391323 0.0437806 0.0603342 0.0442445 0.0216624 0.13567 0.170998 0.0665657 0.195492 0.136602 0.0921748 0.229456 0.269989 0.223517 0.110229 0.542363 0.346276 0.286102 0.483505 0.328208 0.316542 1
0.502579 0.460602 0.519729 0.355037 0.363456 0.555242 0.500469 0.498012 0.321212 0.499789 0.295999 0.244165 0.237667 0.183224 0.171771 0.510695 0.166439 0.437772 0.1245 0.359475 0.485237 0.449094 0.464117 0.307658 0.327082 0.437766 0.41254 0.685911 0.145082 0.441821 0
0.117564 0.382144 0.112777 0.053404 0.467365 0.178977 0.0508903 0.0747515 0.331818 0.4008 0.0447583 0.364834 0.0425482 0.0138178 0.299385 0.114895 0.0432828 0.176795 0.209771 0.11546 0.0882248 0.520789 0.082773 0.0357599 0.552268 0.134965 0.0751757 0.223952 0.258821 0.243146 1
0.223816 0.235374 0.213738 0.118812 0.473684 0.127508 0.0841612 0.129225 0.140909 0.199874 0.12218 0.474673 0.117844 0.0514907 0.165381 0.0867306 0.0672222 0.247585 0.0803174 0.0971498 0.192102 0.358742 0.178047 0.0888468 0.369346 0.0732602 0.0835463 0.23945 0.028977 0.120622 1
0.393724 0.526209 0.405017 0.249799 0.50167 0.461076 0.39433 0.43494 0.437374 0.32519 0.118595 0.144051 0.129152 0.0685434 0.119659 0.212681 0.090303 0.205152 0.137868 0.071584 0.43899 0.658049 0.492505 0.266368 0.613683 0.566318 0.50599 0.695533 0.485314 0.286764 0
0.373373 0.35509 0.36162 0.227953 0.390358 0.196522 0.159888 0.246074 0.215657 0.158383 0.0437443 0.281957 0.0395326 0.0280875 0.125846 0.0860546 0.0543687 0.224095 0.164744 0.0316808 0.287442 0.438699 0.266398 0.14707 0.333025 0.108188 0.135783 0.349485 0.158486 0.0718221 1
0.264991 0.293879 0.24905 0.146554 0.282568 0.069873 0.00435801 0.0145328 0.321717 0.180918 0.0580844 0.21875 0.0454224 0.0292269 0.158752 0.0432301 0.00469697 0.0553893 0.250858 0.0386941 0.19815 0.294776 0.175059 0.0931233 0.215479 0.0377895 0.00445607 0.0301443 0.185295 0.0608028 1
0.298121 0.357457 0.300809 0.170392 0.464656 0.38102 0.230717 0.306064 0.461616 0.376158 0.0937534 0.102701 0.0786882 0.0458126 0.114186 0.144336 0.0551768 0.181095 0.130973 0.0836759 0.336179 0.425906 0.312217 0.177448 0.540382 0.334827 0.292652 0.512715 0.428543 0.312607 0
0.379052 0.419344 0.371363 0.233383 0.293581 0.254954 0.160708 0.192644 0.446465 0.193134 0.0749955 0.215656 0.0731753 0.0405455 0.0930075 0.19398 0.0836364 0.226558 0.157286 0.107791 0.314123 0.520522 0.297774 0.167592 0.241234 0.298057 0.248722 0.449485 0.315001 0.245769 1
0.323678 0.499831 0.335429 0.191898 0.573892 0.456168 0.317948 0.335934 0.613636 0.471988 0.131668 0.258089 0.104462 0.0602318 0.27083 0.272689 0.0877778 0.306119 0.231581 0.210745 0.287442 0.557569 0.276856 0.148152 0.71472 0.358306 0.270048 0.52268 0.411197 0.414929 0
0.368167 0.170105 0.352982 0.222778 0.326081 0.179191 0.107966 0.175348 0.232828 0.192923 0.0837588 0.00837606 0.0838713 0.0415728 0.102628 0.0961937 0.0468434 0.202122 0.193449 0.0652272 0.332266 0.157516 0.317695 0.170959 0.335667 0.168437 0.171805 0.429897 0.304356 0.175981 1
0.306167 0.290497 0.295833 0.174592 0.447504 0.191001 0.0931115 0.138171 0.291919 0.150379 0.0664494 0.223833 0.0632333 0.0344006 0.141789 0.0950671 0.0472727 0.17742 0.15419 0.0318535 0.255069 0.371002 0.234972 0.126376 0.414251 0.143406 0.110304 0.271856 0.219397 0.0720845 1
0.433007 0.370984 0.444406 0.277964 0.581114 0.560763 0.403468 0.510934 0.557576 0.497051 0.165743 0.157532 0.145927 0.0884912 0.18061 0.170923 0.080505 0.24569 0.126752 0.112178 0.463536 0.518657 0.430251 0.277674 0.711418 0.384211 0.382109 0.712371 0.422038 0.388036 0
0.291968 0.190396 0.286919 0.16772 0.372032 0.201215 0.217737 0.173111 0.384849 0.255055 0.0577585 0.0955843 0.0500401 0.0298619 0.233572 0.134572 0.0769444 0.18064 0.278719 0.0892728 0.24333 0.226013 0.23537 0.120945 0.506042 0.192401 0.240335 0.334089 0.450227 0.205234 1
0.521037 0.370308 0.511437 0.359788 0.460143 0.340531 0.281396 0.438569 0.470707 0.22599 0.123918 0.113397 0.108561 0.080329 0.187579 0.191276 0.0633586 0.280356 0.0880565 0.0843324 0.467805 0.356876 0.436725 0.28603 0.508684 0.335895 0.263658 0.678351 0.294697 0.196707 0
0.568839 0.311126 0.550135 0.421845 0.266679 0.186798 0.217221 0.279672 0.447475 0.0101095 0.209343 0.216982 0.210102 0.139014 0.0922936 0.188197 0.10202 0.257814 0.174734 0.061876 0.511917 0.365405 0.487026 0.332481 0.204253 0.193178 0.25615 0.418557 0.251528 0.0680179 0
0.239434 0.623267 0.228457 0.129968 0.314977 0.124594 0.0554592 0.118141 0.40101 0.147852 0.179106 0.504508 0.157471 0.0712703 0.197301 0.0998738 0.036995 0.224095 0.177126 0.10323 0.201708 0.567964 0.183425 0.0939835 0.21746 0.0678852 0.0441214 0.190619 0.165385 0.0744458 1
0.145251 0.264457 0.142492 0.070965 0.433962 0.165266 0.0588332 0.0882207 0.419192 0.281171 0.0544632 0.365718 0.0481082 0.0187673 0.207023 0.0919128 0.0426768 0.152358 0.184584 0.0650544 0.114906 0.394989 0.107426 0.0488596 0.455854 0.109546 0.0842652 0.223333 0.261975 0.141677 1
0.298121 0.13561 0.290236 0.16895 0.279859 0.203576 0.118955 0.142346 0.281313 0.125948 0.0260004 0.0377033 0.0393441 0.0157976 0.0869565 0.138778 0.0714141 0.160409 0.0946699 0.059354 0.224475 0.142591 0.229992 0.107771 0.300007 0.234023 0.228914 0.315223 0.23083 0.119113 1
0.180747 0 0.172621 0.0908165 0.39099 0.116496 0.0593018 0.0843936 0.162121 0.295704 0.0221981 0.0102104 0.0173868 0.00873742 0.207227 0.056809 0.0277525 0.101231 0.0655429 0.0423216 0.130559 0 0.115793 0.0562328 0.478307 0.0954779 0.0836262 0.158179 0.103489 0.143972 1
0.359648 0.133581 0.348974 0.218579 0.412476 0.214097 0.192643 0.216153 0.342929 0.135636 0.110447 0.0582346 0.0850021 0.0566084 0.11014 0.119176 0.0766414 0.163819 0.105645 0.0478839 0.314123 0.139126 0.289307 0.166339 0.337648 0.160579 0.199042 0.31567 0.209146 0.101272 1
0.188793 0.253297 0.193076 0.0967126 0.329692 0.281946 0.221579 0.179573 0.216667 0.346251 0.0528336 0.224496 0.0965462 0.0211954 0.232927 0.331421 0.162374 0.334912 0.102409 0.140992 0.157595 0.395789 0.197868 0.071569 0.44859 0.369561 0.381709 0.534364 0.192194 0.2642 1
0.285342 0.423064 0.264114 0.162418 0.0891938 0 0.00373711 0.00920477 0.169192 0.0501264 0.0223067 0.172781 0.0162088 0.0140792 0.0579597 0 0.00402778 0.0350824 0.116058 0.00252202 0.215937 0.453092 0.188107 0.104109 0.0665654 0.00682054 0.00637141 0.0318179 0.143899 0.0222354 1
0.341663 0.365911 0.335982 0.201442 0.331137 0.280412 0.118627 0.151988 0.225253 0.213353 0.0855694 0.145377 0.0938604 0.045215 0.0813815 0.23003 0.0712374 0.25573 0.115636 0.0638798 0.303095 0.406183 0.307236 0.158106 0.291422 0.306206 0.200639 0.460137 0.191011 0.154401 1
0.644564 0.66351 0.665538 0.475716 0.588336 0.790197 0.823336 0.755467 0.675253 0.425442 0.222524 0.272896 0.2363 0.148335 0.163477 0.445579 0.179722 0.315211 0.216103 0.18276 0.633582 0.730277 0.66831 0.402035 0.619626 0.815758 0.74976 0.910653 0.497142 0.452315 0
0.377159 0.26581 0.366664 0.226766 0.578406 0.340838 0.36059 0.428628 0.45303 0.25695 0.428934 0.241292 0.361023 0.177621 0.281708 0.24445 0.166086 0.530593 0.616283 0.0688202 0.377801 0.2508 0.353553 0.193227 0.461798 0.183475 0.267971 0.572852 0.364479 0.107766 0
0.24606 0.147785 0.231221 0.134846 0.223075 0.0390774 0.0263121 0.0251044 0.309596 0.137532 0.0361398 0.0529084 0.0320878 0.0168435 0.123398 0.0263992 0.0283586 0.095681 0.167276 0.00190016 0.175027 0.118603 0.155336 0.0805889 0.191045 0.0252544 0.0328754 0.0636426 0.143505 0.03496 1
0.287236 0.139669 0.268952 0.164199 0.278866 0.0551193 0.0106818 0.0438817 0.198485 0.109941 0.103567 0.103496 0.0852848 0.0489505 0.0827753 0.0184682 0.00714899 0.0913241 0.0891822 0.0476075 0.241907 0.14339 0.216893 0.11974 0.200951 0.030251 0.0145687 0.121375 0.10684 0.0705759 1
0.351602 0.338857 0.360998 0.21527 0.315428 0.454635 0.319119 0.328131 0.330303 0.462511 0.278689 0.311572 0.169769 0.131319 0.205629 0.782197 0.251515 0.52491 0.462768 0.758853 0.278904 0.269456 0.255441 0.143064 0.189262 0.213358 0.177316 0.350859 0.139365 0.216122 1
0.412656 0.358471 0.396724 0.264305 0.391261 0.210447 0.154475 0.257903 0.281818 0.11647 0.0935723 0.174549 0.0776987 0.0638366 0.0990244 0.153048 0.0493434 0.185016 0.106771 0.0530316 0.433298 0.554371 0.392898 0.266368 0.463779 0.317655 0.231789 0.529553 0.369012 0.205103 0
0.204884 0.315523 0.19356 0.106299 0.259637 0.0847494 0.0869025 0.110835 0.230303 0.141323 0.0583741 0.128779 0.0506055 0.0211954 0.2573 0.0523027 0.052096 0.169824 0.196263 0.0432199 0.156528 0.315032 0.137407 0.069185 0.381893 0.0622775 0.115335 0.23921 0.164597 0.0745769 1
0.205358 0.58742 0.193283 0.106978 0.146249 0.0575118 0.0382615 0.0155318 0.408586 0.133109 0.00344016 0.117685 0.0142298 0.00336759 0.0659483 0.106783 0.0412374 0.0591968 0.105364 0.0399724 0.147634 0.579158 0.146471 0.0656459 0.137753 0.112456 0.0869808 0.0715808 0.253105 0.103831 1
0.3729 0.456544 0.391196 0.223924 0.467365 0.54788 0.39761 0.441253 0.341919 0.352991 0.0608727 0.133045 0.133534 0.0343632 0.216473 0.367771 0.140177 0.356696 0.2472 0.118051 0.289932 0.420043 0.339609 0.147341 0.399062 0.424474 0.366534 0.593471 0.28287 0.209694 0
0.427801 0.457558 0.40709 0.27754 0.265686 0.145114 0.0772962 0.165159 0.236364 0.147641 0.0970487 0.182726 0.0805258 0.0629588 0.07873 0.0527008 0.027803 0.143796 0.0945292 0.0741752 0.400569 0.582623 0.365506 0.237122 0.309912 0.124002 0.116534 0.342783 0.27262 0.193362 0
0.49406 0.536016 0.488632 0.341251 0.433059 0.292068 0.394096 0.327883 0.125253 0.183235 0.151403 0.288808 0.141827 0.096616 1 0.625605 0.363131 0.743891 0.195137 0.403006 0.360726 0.427772 0.348573 0.205417 0.350855 0.147481 0.223882 0.377663 0.00749065 0.0861866 0
0.234701 0.288468 0.220579 0.124751 0.270651 0.0862831 0.0462043 0.0670477 0.408081 0.234625 0.0419337 0.0602679 0.0359516 0.0199254 0.186865 0.046024 0.0331061 0.151544 0.16995 0.060114 0.18392 0.248134 0.165646 0.0840543 0.285478 0.0599296 0.0735064 0.216357 0.240489 0.124885 1
0.384259 0.225905 0.38553 0.225239 0.563059 0.494816 0.266635 0.424155 0.475253 0.309815 0.115662 0.156427 0.096075 0.0617074 0.247918 0.297398 0.0809091 0.427733 0.220183 0.141268 0.291 0.168177 0.276358 0.141909 0.445288 0.253233 0.15655 0.489003 0.20205 0.149219 1
0.416442 0.446398 0.427821 0.271092 0.567573 0.477946 0.499766 0.471123 0.523232 0.491786 0.159515 0.157311 0.133864 0.0968028 0.237482 0.281702 0.150253 0.263307 0.099454 0.175816 0.436144 0.492537 0.397878 0.267106 0.755002 0.451349 0.58754 0.698969 0.336882 0.460186 0
0.214823 0.17653 0.207864 0.111474 0.439379 0.18005 0.101406 0.145577 0.415657 0.246841 0.0523991 0.149797 0.0437733 0.0220733 0.168236 0.0753147 0.0531566 0.190566 0.125063 0.0652617 0.167912 0.244403 0.151751 0.0753539 0.447269 0.12701 0.144089 0.330172 0.216637 0.151187 1
0.245113 0.281366 0.238408 0.132259 0.34522 0.180971 0.0683224 0.0758946 0.20404 0.271272 0.039073 0.183389 0.0433963 0.0176654 0.108713 0.10821 0.0352778 0.0977647 0.0936849 0.03327 0.192458 0.422441 0.191344 0.0890189 0.327742 0.194633 0.129393 0.195533 0.16578 0.14594 1
0.630839 0.586743 0.615783 0.485472 0.427643 0.274278 0.355904 0.463867 0.380808 0.121314 0.103639 0.148692 0.0862272 0.0850545 0.1132 0.101601 0.0534596 0.155048 0.0694827 0.0344446 0.583422 0.723348 0.557249 0.407688 0.535099 0.259248 0.302556 0.583161 0.312636 0.163649 0
0.559847 0.347311 0.532859 0.406575 0.330414 0.121036 0.18791 0.290408 0.247475 0 0.0785081 0.103386 0.0756726 0.0559173 0.199137 0.0667528 0.0662374 0.277136 0.160663 0.0269822 0.427962 0.327292 0.391404 0.258258 0.350855 0.0860669 0.176518 0.444674 0.197516 0.0152827 0
0.299068 0.401082 0.286435 0.170774 0.29963 0.136035 0.0783505 0.120477 0.381313 0.147431 0.0545356 0.26052 0.0598879 0.0264812 0.128667 0.136675 0.0453283 0.121216 0.146451 0.0366557 0.223052 0.457889 0.211813 0.107157 0.282837 0.135256 0.0968051 0.192921 0.211315 0.075692 1
0.402717 0.346973 0.405017 0.255016 0.572086 0.419668 0.443065 0.452932 0.438889 0.368155 0.193916 0.214551 0.184611 0.112268 0.18887 0.202992 0.125556 0.310475 0.149688 0.115288 0.472074 0.463486 0.456646 0.288488 0.640098 0.353164 0.44353 0.728866 0.319732 0.307359 0
0.292915 0.287792 0.279801 0.167041 0.198881 0.12441 0.113847 0.142644 0.19899 0.11647 0.0328807 0.0717822 0.0225698 0.0188421 0.144678 0.0952174 0.0394949 0.160314 0.0428885 0.026844 0.247954 0.316365 0.222571 0.123476 0.37661 0.164168 0.14984 0.359107 0.132072 0.0932048 1
0.15519 0.16909 0.154861 0.0755461 0.41699 0.221489 0.0839035 0.101243 0.289394 0.423126 0.0820206 0.474894 0.0771333 0.0233994 0.531903 0.333899 0.0659343 0.245501 0.406202 0.202557 0.104945 0.198827 0.101997 0.0422483 0.428119 0.132249 0.0572045 0.14 0.171299 0.195723 1
0.232335 0.292188 0.231705 0.12246 0.370136 0.294522 0.155483 0.156163 0.458081 0.277591 0.0669202 0.265824 0.0626679 0.0273778 0.243363 0.297924 0.150152 0.338132 0.282096 0.134047 0.189256 0.401919 0.178246 0.0850374 0.457835 0.269048 0.224121 0.391065 0.361128 0.187656 1
0.383312 0.542103 0.374611 0.243096 0.449309 0.2402 0.289363 0.325696 0.296465 0.309183 0.196234 0.253227 0.161005 0.105656 0.299385 0.165665 0.12404 0.330744 0.187398 0.137226 0.376379 0.565032 0.352557 0.212544 0.62623 0.202103 0.321805 0.524399 0.214666 0.258035 0
0.333617 0.39026 0.317877 0.19508 0.343685 0.15358 0.0342549 0.0942346 0.230808 0.176706 0.0533768 0.252564 0.042878 0.0285171 0.19295 0.0869559 0.0184394 0.190188 0.0668092 0.070133 0.263252 0.486674 0.238358 0.130333 0.379912 0.120315 0.0497684 0.273643 0.130298 0.138594 1
0.15093 0.174839 0.143459 0.0714316 0.548614 0.187811 0.0253983 0.0641153 0.85 0.413648 0.146406 0.238861 0.120388 0.0519576 0.197199 0.0656262 0.0193561 0.1552 0.477683 0.174745 0.109925 0.144723 0.0968674 0.0450747 0.371987 0.0692435 0.0173163 0.0886254 0.392667 0.165027 1
0.21861 0.499831 0.210352 0.116098 0.199603 0.115024 0.0462512 0.0652585 0.441919 0.185762 0.0505884 0.315108 0.0567309 0.0213075 0.149879 0.158605 0.040303 0.132563 0.338521 0.0454655 0.160441 0.522388 0.154291 0.0715936 0.160338 0.105568 0.0578195 0.165464 0.330968 0.0813984 1
0.075252 0.114643 0.0742174 0.0330011 0.460143 0.174652 0.0600984 0.0750497 0.312121 0.44861 0.00550425 0.0705225 0.014701 0.000844232 0.210219 0.11542 0.0454798 0.138663 0.113103 0.104681 0.0548915 0.171375 0.0641964 0.0222179 0.613683 0.190364 0.140096 0.292509 0.279519 0.327037 1
0.24748 0.148123 0.241794 0.135101 0.256838 0.18051 0.160239 0.125944 0.29596 0.243892 0.0561651 0.104027 0.063139 0.0245761 0.0915117 0.210352 0.109697 0.20591 0.159397 0.128761 0.184988 0.193763 0.185467 0.0847179 0.207555 0.20938 0.245687 0.314089 0.2192 0.217762 1
0.127171 0.283734 0.119342 0.0605726 0.275165 0.107049 0.0346532 0.028673 0.313131 0.298231 0.0833243 0.210352 0.0715262 0.0264812 0.315022 0.0774927 0.0260354 0.0745217 0.268025 0.0719986 0.11455 0.335821 0.103093 0.0479257 0.446609 0.0952838 0.0511901 0.0859107 0.294106 0.155516 1
0.416442 0.276632 0.413309 0.270414 0.401462 0.33685 0.233224 0.32833 0.39495 0.228728 0.142785 0.138061 0.132262 0.0884538 0.137947 0.288085 0.0704798 0.242849 0.171638 0.112247 0.444326 0.406716 0.428756 0.273742 0.451892 0.517711 0.316693 0.621993 0.438991 0.326381 0
0.223816 0.194116 0.21588 0.117413 0.563059 0.163886 0.0938613 0.161531 0.479293 0.318029 0.0844106 0.0838269 0.0752957 0.0331118 0.265935 0.065476 0.0416919 0.212351 0.163899 0.076179 0.182497 0.163646 0.168086 0.0813999 0.494156 0.081701 0.0868211 0.270241 0.236546 0.15099 1
0.213403 0.165032 0.208693 0.11088 0.46917 0.192933 0.124367 0.0978628 0.363131 0.33235 0.033279 0.178085 0.0381661 0.0140792 0.110276 0.141857 0.104949 0.152264 0.148421 0.0939368 0.159018 0.263326 0.157528 0.0694062 0.422836 0.168534 0.207348 0.255361 0.27124 0.241112 1
0.327465 0.233683 0.312211 0.193383 0.141284 0.103705 0.0521087 0.0665507 0.380303 0.113732 0.0159334 0.0477369 0.0299204 0.0135002 0.0542204 0.0818488 0.0250101 0.0915325 0.0742669 0.0414579 0.256492 0.260661 0.252951 0.131169 0.149706 0.168146 0.110543 0.213814 0.219594 0.143907 1
0.204411 0.286777 0.208279 0.104305 0.39081 0.346973 0.362699 0.141849 0.50202 0.562974 0.0475466 0.283283 0.0759553 0.0179082 0.16827 0.427254 0.224242 0.248911 0.169809 0.268786 0.165422 0.42484 0.183027 0.0707088 0.419534 0.443879 0.59393 0.418557 0.343584 0.489702 1
0.130153 0.190396 0.138138 0.0664687 0.492642 0.431016 0.962512 0.390507 0.751515 0.905645 0.258193 0.50915 0.156246 0.0804037 0.314682 0.703037 1 1 0.388051 1 0.109925 0.199094 0.102744 0.0479994 0.383213 0.242464 0.65623 0.539863 0.304159 0.464778 1
0.326518 0.218126 0.308064 0.192195 0.159159 0.0887369 0.0479147 0.0422813 0.276263 0.100674 0.0516386 0.0578147 0.044857 0.0304783 0.0684978 0.0893592 0.050202 0.132904 0.120842 0.0371394 0.269655 0.211887 0.245281 0.137657 0.0902727 0.0931494 0.0871406 0.155911 0.192588 0.0733963 1
0.150457 0.334122 0.144703 0.0713468 0.430351 0.170726 0.0117737 0.0554672 0.369192 0.281171 0.0480174 0.382293 0.0419828 0.018674 0.38063 0.149968 0.0105404 0.134154 0.250999 0.0477803 0.0967627 0.289446 0.0870063 0.0398398 0.365383 0.0899477 0.00802716 0.076701 0.137394 0.0812016 1
0.193052 0.250592 0.189759 0.0945917 0.602781 0.269063 0.0951968 0.212127 0.451515 0.627633 0.0240449 0.148029 0.0264336 0.010269 0.370772 0.159432 0.0454545 0.243417 0.201469 0.256279 0.13376 0.232409 0.127845 0.0555201 0.627551 0.170572 0.100319 0.326942 0.239503 0.40509 1
0.103744 0.140345 0.106489 0.0497985 0.221901 0.208975 0.1403 0.10835 0.64697 0.41428 0.108021 0.420969 0.0872167 0.0312254 0.238807 0.278848 0.108889 0.29551 0.47895 0.170219 0.073995 0.192164 0.0756014 0.030697 0.179555 0.136324 0.111581 0.174811 0.338459 0.195855 1
0.576885 0.510315 0.612328 0.415483 0.404171 0.694497 0.483833 0.555666 0.675253 0.590565 0.305631 0.708937 0.485935 0.20433 0.0484754 0.606228 0.224495 0.774768 0.520037 0.412679 0.463536 0.477612 0.504457 0.281852 0.214819 0.352194 0.290655 0.607216 0.317564 0.309983 0
0.671068 0.450795 0.645498 0.534677 0.376004 0.254033 0.257029 0.429026 0.358081 0.0593934 0.210103 0.169466 0.167083 0.162847 0.102492 0.0776429 0.0433081 0.196628 0.0414814 0.0377267 0.755603 0.628198 0.685243 0.597179 0.455194 0.225776 0.251997 0.690378 0.247782 0.132625 0
0.578778 0.299628 0.564647 0.427784 0.47549 0.329182 0.309981 0.447018 0.432828 0.203244 0.223067 0.184052 0.192244 0.178742 0.161301 0.156277 0.0743687 0.291343 0.149688 0.0591812 0.647812 0.429637 0.596095 0.481665 0.602457 0.314162 0.309824 0.718557 0.388725 0.182999 0
0.34261 0.4535 0.349527 0.197837 0.495351 0.680694 0.464152 0.328926 0.668687 0.536226 0.0631903 0.386713 0.0638458 0.0465411 0.2127 1 0.294444 0.31559 0.608544 0.373985 0.277837 0.670576 0.278849 0.14186 0.542363 0.878433 0.677955 0.608935 0.709836 0.587433 0
0.625633 0.578965 0.621312 0.462566 0.419067 0.452488 0.384489 0.628728 0.411616 0.21567 0.313091 0.338534 0.300193 0.180796 0.228643 0.334124 0.149091 0.480394 0.411127 0.117153 0.578442 0.580757 0.545794 0.365169 0.373968 0.304945 0.295767 0.739519 0.33629 0.139578 0
0.360594 0.459249 0.346762 0.221082 0.308658 0.144102 0.196579 0.261978 0.286364 0.0884583 0.110158 0.279968 0.101635 0.0489505 0.224326 0.113918 0.0855808 0.298541 0.133928 0.0682674 0.279616 0.524787 0.257931 0.140828 0.396421 0.126913 0.213658 0.46701 0.179775 0.0873672 0
0.188319 0.267501 0.18658 0.09421 0.399386 0.239679 0.123313 0.138569 0.282323 0.297388 0.0141952 0.270244 0.0192244 0.00614123 0.264745 0.236789 0.111136 0.254973 0.0751112 0.0911729 0.13127 0.386194 0.129588 0.0546353 0.473024 0.217045 0.169569 0.338866 0.142716 0.181949 1
0.385205 0.235712 0.380001 0.243096 0.326171 0.234648 0.176898 0.202734 0.269697 0.208509 0.0577947 0.000419912 0.0573434 0.0366793 0.127783 0.127212 0.0514899 0.156469 0.103394 0.0686129 0.350053 0.219083 0.335126 0.197675 0.514627 0.296698 0.265735 0.430241 0.364676 0.277843 0
0.275877 0.113291 0.259139 0.154952 0.313803 0.0563156 0.0215394 0.0661034 0.20505 0.239469 0.0642404 0.139166 0.0481082 0.0279941 0.231873 0.0308829 0.0156061 0.14033 0.0389486 0.0848506 0.202775 0.110075 0.180736 0.0947454 0.297365 0.0263508 0.0220288 0.137113 0.0429726 0.119048 1
0.401297 0.330402 0.40018 0.256797 0.510698 0.315686 0.343486 0.401938 0.439899 0.168492 0.131378 0.0940815 0.110116 0.0775274 0.153891 0.0945414 0.0710354 0.207047 0.0856644 0.0541026 0.403059 0.372601 0.370985 0.238596 0.550948 0.20579 0.302796 0.520275 0.250739 0.164961 0
0.344976 0.434224 0.34538 0.206278 0.461948 0.294522 0.342784 0.305119 0.437374 0.207666 0.0330255 0.329473 0.0536211 0.0219239 0.149573 0.177081 0.117298 0.241712 0.0932628 0.0988426 0.261829 0.593017 0.26839 0.133479 0.441326 0.23868 0.338179 0.468041 0.223339 0.186737 0
0.202991 0.109909 0.202958 0.10299 0.6416 0.281332 0.185098 0.275845 0.483838 0.40396 0.0523991 0.13826 0.0495689 0.0172545 0.167318 0.116547 0.0530556 0.220496 0.185709 0.0976334 0.174671 0.226812 0.171921 0.0714953 0.593211 0.209186 0.179473 0.452921 0.350483 0.243408 1
0.239907 0.166385 0.23668 0.129714 0.455629 0.219434 0.154452 0.13663 0.310606 0.220514 0.0550788 0.0815948 0.0514065 0.024408 0.128327 0.0902605 0.0586364 0.107217 0.0900264 0.0527552 0.2074 0.231343 0.196574 0.0976701 0.516608 0.182699 0.24361 0.225017 0.232998 0.183458 1
0.203464 0.12445 0.201852 0.102354 0.575697 0.289001 0.108599 0.23837 0.359091 0.226622 0.0821655 0.217203 0.0515478 0.0364738 0.32488 0.245802 0.0552273 0.37223 0.111414 0.0879945 0.141942 0.0999467 0.130086 0.0611483 0.432741 0.150294 0.0692412 0.295911 0.105855 0.0839565 1
0.271617 0.137639 0.262525 0.147869 0.397581 0.197994 0.0301781 0.0956262 0.291919 0.232519 0.0250588 0.0735723 0.0274702 0.0122862 0.147908 0.0717097 0.0165758 0.151127 0.0824281 0.0171705 0.19815 0.145522 0.1899 0.0905672 0.387176 0.116337 0.0417971 0.217972 0.158486 0.093008 1
0.278243 0.122083 0.269712 0.153256 0.548614 0.211521 0.0890347 0.168986 0.243939 0.31171 0.0397248 0.150681 0.0403807 0.0182444 0.142673 0.134497 0.0480303 0.191514 0.0582259 0.0764208 0.21736 0.241471 0.211116 0.101824 0.551608 0.189976 0.143051 0.396907 0.161049 0.199987 1
0.369114 0.481231 0.370465 0.222609 0.58292 0.394209 0.29686 0.448757 0.45101 0.3492 0.0891544 0.203501 0.0797719 0.0531156 0.16963 0.156578 0.0584596 0.224285 0.156442 0.080463 0.333689 0.569563 0.319687 0.181847 0.618306 0.304945 0.241534 0.554639 0.346146 0.223468 0
0.119409 0.0923233 0.114367 0.0553128 0.449309 0.139685 0.0692596 0.103181 0.381313 0.402064 0.0600398 0.136271 0.0542807 0.0166194 0.268314 0.090636 0.0501263 0.26918 0.174312 0.0716186 0.0818214 0.0970149 0.0733104 0.0318767 0.404345 0.0849026 0.0708227 0.213986 0.174453 0.148826 1
0.275403 0.26209 0.271301 0.15474 0.251061 0.213392 0.173149 0.202932 0.259596 0.158804 0.0913996 0.199965 0.0900438 0.0443931 0.12605 0.244224 0.114773 0.262171 0.15208 0.109587 0.206688 0.240938 0.200757 0.0997346 0.159612 0.149324 0.151837 0.285086 0.0833826 0.1016 1
0.0585925 0.371661 0.0655103 0.0256204 0.373928 0.340838 0.309513 0.107753 0.586869 0.687658 0.029694 0.354005 0.0228997 0.00636536 0.364313 0.389852 0.195783 0.193597 0.213992 0.376058 0.0413376 0.471748 0.0381991 0.0158769 0.606419 0.391681 0.429792 0.270756 0.346343 0.613669 1
0.214823 0.305715 0.204201 0.112619 0.384671 0.108429 0.071134 0.113221 0.434343 0.19187 0.0772768 0.132359 0.0671913 0.031132 0.22487 0.0485925 0.0340657 0.164236 0.341898 0.0515115 0.174671 0.278518 0.156382 0.078893 0.354817 0.058125 0.072492 0.217045 0.343189 0.100485 1
0.255999 0.262766 0.254647 0.135483 0.465559 0.338384 0.138051 0.143141 0.363131 0.335299 0.0540648 0.113331 0.0640814 0.0231566 0.170038 0.261348 0.120126 0.199091 0.147718 0.20691 0.222341 0.296109 0.223218 0.102069 0.472363 0.322118 0.25607 0.336907 0.247191 0.372294 1
0.34403 0.420697 0.363693 0.213022 0.471879 0.556469 0.500234 0.43007 0.44899 0.483572 0.214412 0.200628 0.2175 0.100818 0.261549 0.513023 0.174217 0.350066 0.1283 0.180273 0.346496 0.466151 0.342099 0.190302 0.613023 0.57961 0.552875 0.613402 0.252119 0.381477 0
0.361541 0.483936 0.350909 0.220233 0.335019 0.204527 0.0726804 0.146968 0.315657 0.183235 0.094369 0.16593 0.0717147 0.0503513 0.107251 0.119626 0.0283081 0.163023 0.182473 0.0690275 0.291 0.45549 0.261417 0.15201 0.266328 0.144861 0.0733946 0.238694 0.188646 0.11426 1
0.638885 0.397362 0.613019 0.493107 0.279137 0.196614 0.211856 0.299304 0.205556 0.0381214 0.208546 0.15046 0.20671 0.143254 0.212326 0.218389 0.1075 0.316537 0.0777847 0.104958 0.579509 0.377132 0.554261 0.384585 0.34095 0.197737 0.252236 0.496564 0.132663 0.106454 0
0.284869 0.521474 0.268261 0.159788 0.280401 0.0961597 0.0282568 0.0875746 0.306566 0.0954086 0.0545356 0.192671 0.0424068 0.0268735 0.147568 0.0504852 0.014346 0.120023 0.0600552 0.0213854 0.228033 0.529318 0.20245 0.108951 0.334346 0.0795665 0.035639 0.203471 0.146067 0.0516201 1
0.359648 0.399729 0.370534 0.212641 0.476393 0.513527 0.33388 0.436531 0.60202 0.406066 0.0517835 0.137686 0.0637516 0.026612 0.0931094 0.21253 0.067702 0.256109 0.0936849 0.097288 0.344717 0.564765 0.358534 0.174916 0.53708 0.61803 0.442412 0.928179 0.532032 0.475272 0
0.203938 0.112614 0.196531 0.103712 0.412657 0.173916 0.0764995 0.136928 0.358081 0.268324 0.0285714 0.0373718 0.0191773 0.011894 0.161777 0.0673536 0.0323737 0.167626 0.127174 0.0664018 0.156172 0.110874 0.138752 0.0669239 0.426798 0.119733 0.101837 0.300687 0.230239 0.165158 1
0.258839 0.20257 0.267984 0.141506 0.678613 0.461996 0.369728 0.402038 0.518687 0.55118 0.0807532 0.117132 0.0687933 0.0380801 0.197063 0.234311 0.0927273 0.215382 0.19373 0.144654 0.268232 0.312633 0.263908 0.136748 0.712739 0.482784 0.427716 0.598282 0.477035 0.454939 0
0.258839 0.226581 0.269919 0.141336 0.383768 0.404024 0.361762 0.240855 0.516162 0.490522 0.101611 0.187146 0.200113 0.0436834 0.187681 0.544191 0.281313 0.515439 0.343868 0.301676 0.208111 0.240139 0.236117 0.0971785 0.30595 0.367523 0.391054 0.461168 0.328405 0.317198 1
0.206304 0.390599 0.198259 0.107317 0.315609 0.142231 0.120267 0.0943837 0.215657 0.322873 0.0445048 0.138327 0.0395797 0.0179455 0.251555 0.100024 0.0616919 0.121898 0.109726 0.0546554 0.180719 0.456556 0.167239 0.0818177 0.651984 0.18658 0.249201 0.284467 0.249162 0.218287 1
0.46377 0.307406 0.452699 0.31508 0.325178 0.222195 0.197329 0.326839 0.420707 0.113311 0.176534 0.227811 0.158884 0.113071 0.149913 0.168594 0.0663131 0.303845 0.183317 0.0897564 0.431163 0.380597 0.399871 0.264157 0.301327 0.17911 0.185144 0.506529 0.245417 0.113079 0
0.361068 0.202232 0.337848 0.221167 0.212603 0.0483713 0.0339035 0.0932903 0.288889 0.0545493 0.074054 0.12184 0.0564011 0.041274 0.112792 0.0283068 0.013447 0.119795 0.0993133 0 0.303451 0.259328 0.265402 0.161129 0.197649 0.0422815 0.0379073 0.199759 0.190223 0.0125279 1
0.28061 0.223876 0.267708 0.158176 0.241762 0.105147 0.0907451 0.118141 0.388384 0.141323 0.0299475 0.121199 0.0346794 0.0167128 0.121868 0.102277 0.0586111 0.1595 0.149828 0.0434272 0.211668 0.265991 0.201205 0.102094 0.254441 0.119636 0.140895 0.28299 0.287601 0.094779 1
0.581618 0.566791 0.581231 0.432025 0.373567 0.467824 0.388238 0.377386 0.400505 0.266428 0.160891 0.054367 0.130566 0.114621 0.112248 0.232283 0.0883081 0.182667 0.106208 0.103679 0.577019 0.503198 0.552767 0.400069 0.526514 0.612888 0.486502 0.613402 0.415336 0.375574 0
0.459511 0.354751 0.437496 0.302906 0.201679 0.158702 0.0854967 0.114662 0.39697 0.0692924 0.0491762 0.0459026 0.0479668 0.0301607 0.0324302 0.0916874 0.0359343 0.100341 0.165025 0.0278114 0.400213 0.387527 0.382937 0.220901 0.196328 0.256823 0.197843 0.300241 0.613444 0.138987 0
0.167022 0.452486 0.159353 0.0808908 0.441184 0.14904 0.0584583 0.0931909 0.320707 0.328559 0.06348 0.173002 0.0721858 0.0256968 0.287487 0.0914621 0.046995 0.236787 0.376513 0.037174 0.106724 0.32516 0.0980626 0.0436247 0.284818 0.0570966 0.0332109 0.107388 0.130495 0.0834973 1
0.506366 0.373013 0.508673 0.347911 0.531462 0.451261 0.43463 0.523857 0.460101 0.24642 0.253413 0.2298 0.225369 0.162698 0.248972 0.355154 0.131465 0.34874 0.139275 0.140715 0.446105 0.348881 0.410827 0.274479 0.46642 0.312901 0.286182 0.520619 0.177016 0.14653 0
0.388518 0.118363 0.372193 0.24106 0.243748 0.153242 0.0794986 0.132058 0.333838 0.115417 0.0241897 0.0115585 0.027376 0.0203923 0.112146 0.0946165 0.0391667 0.173423 0.120842 0.0301261 0.294201 0.0988806 0.269386 0.155795 0.273592 0.142048 0.108786 0.281031 0.181746 0.0827758 1
0.187373 0.300304 0.183816 0.0960764 0.431254 0.169376 0.115839 0.145726 0.215152 0.340986 0.0970849 0.305605 0.106535 0.0354465 0.265357 0.143359 0.0502525 0.218791 0.181629 0.0623942 0.159018 0.361407 0.161114 0.0705859 0.4301 0.133025 0.11278 0.271031 0.135226 0.146137 1
0.496427 0.506256 0.499689 0.356776 0.471879 0.432243 0.505858 0.51839 0.241414 0.288332 0.353612 0.23201 0.310041 0.215724 0.151647 0.256016 0.117273 0.297215 0.0502054 0.145966 0.541089 0.541311 0.522387 0.362466 0.438685 0.345112 0.390575 0.591409 0.117288 0.248983 0
0.284869 0.374366 0.27448 0.159449 0.549517 0.173333 0.073477 0.131461 0.747475 0.229781 0.111787 0.212562 0.0997031 0.0522564 0.180304 0.0688557 0.0492172 0.218413 0.304328 0.0220418 0.221629 0.322228 0.201255 0.106051 0.386515 0.0807308 0.0647923 0.216357 0.321506 0.0610652 1
0.636992 0.408184 0.622003 0.487593 0.350907 0.287467 0.229592 0.386928 0.281818 0.118155 0.168966 0.123011 0.163078 0.122597 0.152803 0.126235 0.0599747 0.276757 0.0924185 0.0349283 0.582711 0.382463 0.551771 0.391958 0.406326 0.204044 0.215815 0.606529 0.205795 0.0807425 0
0.378106 0.244843 0.362311 0.230074 0.414553 0.182412 0.0609653 0.187922 0.363636 0.137742 0.0578671 0.189356 0.0535268 0.0326449 0.114458 0.0859795 0.0183737 0.17187 0.0790511 0.0280187 0.291 0.292644 0.269884 0.149553 0.333025 0.132346 0.053099 0.291581 0.165385 0.0606061 1
0.267358 0.37369 0.265082 0.142906 0.421594 0.311392 0.249531 0.299254 0.340909 0.436815 0.083614 0.318865 0.0920699 0.0255473 0.38063 0.286658 0.128813 0.434741 0.190775 0.172603 0.192102 0.358475 0.192191 0.0841034 0.379912 0.191819 0.176997 0.379725 0.130298 0.195592 1
0.419755 0.481569 0.414 0.271135 0.28329 0.247899 0.232849 0.2666 0.397475 0.0720304 0.105667 0.158637 0.101117 0.0556184 0.273855 0.217863 0.127551 0.377344 0.30855 0.0727932 0.316969 0.416844 0.306738 0.169903 0.276894 0.160191 0.185463 0.384536 0.24522 0.0513578 0
0.291495 0.373013 0.291549 0.166872 0.308026 0.274584 0.254217 0.174453 0.253535 0.21567 0.0737643 0.094634 0.0732696 0.0384723 0.189754 0.221843 0.11654 0.237545 0.108741 0.0806702 0.244397 0.358209 0.251457 0.123845 0.422175 0.317849 0.359744 0.405842 0.196728 0.175128 1
0.247953 0.349341 0.246562 0.131326 0.514309 0.293908 0.191542 0.107654 0.537374 0.399747 0.0252037 0.0962915 0.010776 0.010792 0.154978 0.148166 0.100152 0.187422 0.0748297 0.100812 0.186055 0.323827 0.172917 0.0811296 0.455854 0.198126 0.282348 0.277938 0.225508 0.218746 1
0.644091 0.389922 0.649644 0.499046 0.504378 0.444819 0.512652 0.557157 0.39798 0.258214 0.17342 0.189135 0.162512 0.127546 0.168372 0.192703 0.102576 0.280167 0.0462655 0.0978407 0.566702 0.499467 0.561731 0.387043 0.496797 0.322506 0.413658 0.726117 0.180367 0.22924 0
0.192106 0.17653 0.185751 0.0972216 0.245915 0.15769 0.0830834 0.103082 0.476263 0.263269 0.0190838 0.14825 0.0246902 0.00911098 0.1218 0.12601 0.0435101 0.131843 0.153628 0.0361375 0.14799 0.234808 0.146023 0.0643679 0.25312 0.165818 0.124042 0.232096 0.322689 0.116949 1
0.0765299 0.38113 0.0751157 0.0332132 0.647016 0.215478 0.0702905 0.0460189 0.387879 0.370893 0.0893355 0.37721 0.0817981 0.0216437 0.347316 0.220567 0.0757576 0.175393 0.361457 0.0743824 0.0581643 0.40032 0.0580208 0.0218 0.612362 0.138264 0.071893 0.0954639 0.277351 0.144825 1
0.457617 0.394657 0.457536 0.322842 0.536878 0.387461 0.35731 0.455765 0.472222 0.28096 0.251783 0.119674 0.221364 0.178929 0.147364 0.124433 0.0692172 0.214056 0.0956549 0.065849 0.659196 0.520789 0.63046 0.498869 0.721984 0.320662 0.375 0.719931 0.403706 0.266299 0
0.205831 0.15049 0.19349 0.107359 0.371581 0.0593215 0.00348407 0.0165656 0.451515 0.173757 0.0456274 0.20328 0.0380719 0.0192156 0.228201 0.0506654 0.00375505 0.063137 0.220887 0.0252893 0.151903 0.185768 0.13427 0.0670468 0.361421 0.0448138 0.00395767 0.0381787 0.235167 0.0578512 1
0.689999 0.428813 0.678668 0.56649 0.526948 0.296055 0.571462 0.690358 0.336364 0.132056 0.385479 0.197976 0.325873 0.28371 0.291906 0.200213 0.131263 0.464861 0.0458434 0.115529 0.623266 0.383262 0.576174 0.452664 0.461137 0.178527 0.328035 0.761512 0.0975754 0.105667 0
0.263098 0.282719 0.246217 0.147784 0.196172 0.0218392 0.00279756 0.0270825 0.236364 0.0398062 0.0867644 0.130945 0.0740706 0.0401533 0.138355 0.018333 0.00200253 0.0685168 0.176563 0.00563137 0.205977 0.238806 0.181334 0.098432 0.143697 0.0155039 0.00286022 0.0561856 0.131678 0.00111507 1
0.226182 0.402097 0.213738 0.120636 0.304595 0.0928777 0.0388238 0.0554175 0.219697 0.187869 0.106717 0.187809 0.0884889 0.0404708 0.140871 0.0563734 0.029495 0.14103 0.227641 0.0301952 0.179651 0.365139 0.162209 0.0814245 0.246517 0.0571063 0.0441134 0.127663 0.171102 0.0694608 1
0.252686 0.0906324 0.242278 0.135992 0.45292 0.154684 0.0934161 0.183897 0.45404 0.20198 0.0450842 0.0674947 0.0430194 0.0198507 0.21525 0.0717097 0.0425 0.235082 0.159819 0.0467438 0.19815 0.0964819 0.182081 0.0894367 0.444628 0.0963511 0.0992013 0.322715 0.248768 0.0831038 1
0.279663 0.20257 0.278419 0.158261 0.230658 0.234403 0.261246 0.168489 0.187879 0.197767 0.0651095 0.227369 0.0749187 0.0307958 0.159942 0.280575 0.200177 0.336048 0.153346 0.0967697 0.21238 0.204424 0.207729 0.100865 0.185498 0.19832 0.267093 0.349485 0.085551 0.106454 1
0.0829665 0.241123 0.0793311 0.0385154 0.462851 0.168395 0 0 0.467172 0.442713 0.146804 0.379862 0.113556 0.0411806 0.479553 0.130742 0 0 0.151517 0.201797 0.0796869 0.287313 0.0677325 0.0323928 0.494156 0.10062 0 0 0.173467 0.220451 1
0.225235 0.145756 0.210421 0.120382 0.230207 0.0736765 0.0526007 0.137326 0.525758 0.235257 0.1631 0.200628 0.139471 0.0579532 0.214876 0.091387 0.0382323 0.349687 0.300107 0.0383486 0.191391 0.166311 0.170775 0.0856518 0.214158 0.0559905 0.0537939 0.28488 0.302779 0.0776597 1
0.536182 0.299966 0.516965 0.3807 0.300172 0.200294 0.191401 0.288966 0.283333 0.0903538 0.0529422 0.025526 0.0499458 0.0413113 0.039195 0.0520398 0.0356566 0.127278 0.0395115 0.00663327 0.475987 0.382196 0.442203 0.301022 0.344912 0.210738 0.282588 0.539863 0.323477 0.0940575 0
0.596763 0.517078 0.579849 0.444327 0.456532 0.243329 0.387769 0.450447 0.304545 0.0831929 0.128879 0.224275 0.101729 0.0922267 0.346296 0.127963 0.123914 0.283955 0.119998 0.031508 0.480612 0.504797 0.445192 0.303726 0.539061 0.152526 0.317652 0.50378 0.143505 0.0385019 0
0.334091 0.212039 0.317808 0.198388 0.288435 0.121373 0.0828022 0.146322 0.330303 0.189975 0.100561 0.151565 0.088913 0.0484462 0.212904 0.0803467 0.0406061 0.171358 0.171216 0.0668509 0.274991 0.254797 0.252951 0.138812 0.319157 0.0949928 0.0892173 0.256117 0.228662 0.113472 1
0.863221 0.514035 0.882524 0.735737 0.484517 0.75799 0.782334 0.916998 0.388384 0.376158 0.284556 0.246155 0.312161 0.211428 0.219363 0.410656 0.144697 0.384543 0.0389486 0.172672 0.78513 0.575693 0.803277 0.584153 0.568778 0.56302 0.517252 0.985223 0.155726 0.328348 0
0.24748 0.281028 0.238546 0.133574 0.35822 0.160634 0.102905 0.100746 0.320707 0.193766 0.0511316 0.0924682 0.0526316 0.0219799 0.140055 0.0873314 0.050505 0.134249 0.161789 0.0367939 0.226254 0.320362 0.216345 0.107993 0.433402 0.184058 0.192732 0.303402 0.325843 0.128952 1
0.384259 0.4163 0.369498 0.241485 0.342421 0.157751 0.123079 0.165706 0.280808 0.144903 0.0720623 0.10469 0.063139 0.0431604 0.10069 0.060444 0.0404798 0.174692 0.0431699 0.0253584 0.361793 0.524254 0.335126 0.207629 0.447269 0.173094 0.216613 0.525773 0.218805 0.155385 0
0.232335 0.387555 0.225278 0.123139 0.40715 0.18962 0.0598641 0.1083 0.484343 0.272536 0.0590983 0.186262 0.0552702 0.023773 0.278138 0.21238 0.0411616 0.175715 0.206816 0.047573 0.182142 0.404851 0.172718 0.0829975 0.471703 0.185707 0.0929713 0.283952 0.297654 0.121147 1
0.344503 0.336152 0.373437 0.20632 0.232373 0.625483 0.703608 0.387575 0.325253 0.584035 0.0910013 0.249691 0.124488 0.0419277 0.121868 0.542314 0.362374 0.434173 0.250155 0.417516 0.262184 0.3121 0.281837 0.128736 0.12098 0.38033 0.541773 0.517182 0.164203 0.348682 1
0.300961 0.207981 0.295073 0.159703 0.498059 0.411386 0.273899 0.347266 0.445455 0.401432 0.0631903 0.144935 0.0366583 0.0115017 0.172723 0.251585 0.100505 0.261981 0.189368 0.128105 0.270366 0.297708 0.23034 0.105609 0.544344 0.438348 0.388019 0.586942 0.386753 0.305392 1
0.207251 0.26581 0.198328 0.108717 0.324546 0.103521 0.0652062 0.104374 0.273232 0.193134 0.029006 0.264056 0.0283655 0.0128092 0.12503 0.0577928 0.0293687 0.111233 0.0777847 0.0263949 0.182142 0.647655 0.172618 0.0826042 0.489533 0.13089 0.144649 0.2989 0.277548 0.146989 1
0.220503 0.291512 0.216847 0.114104 0.555836 0.2525 0.165651 0.173211 0.374242 0.320977 0.0704327 0.286598 0.0658719 0.0258088 0.232077 0.156578 0.0743687 0.264823 0.109304 0.101745 0.185343 0.459488 0.17481 0.0827025 0.64472 0.231598 0.229473 0.418557 0.244628 0.235668 1
0.242274 0.270883 0.236888 0.128399 0.453823 0.239863 0.112067 0.165308 0.442929 0.245366 0.0625023 0.285493 0.052396 0.0287973 0.218683 0.105582 0.0465404 0.142319 0.172623 0.0311971 0.200285 0.367271 0.188854 0.0919927 0.475665 0.14554 0.128035 0.215326 0.292529 0.103437 1
0.137015 0.327697 0.139313 0.0656628 0.432157 0.237992 0.144189 0.150547 0.44697 0.279276 0.024914 0.190461 0.0363285 0.00927908 0.249686 0.148016 0.0764899 0.210646 0.115495 0.0924167 0.100676 0.394723 0.108621 0.043256 0.559532 0.196864 0.211182 0.335017 0.208358 0.195855 1
0.319892 0.277308 0.306337 0.187275 0.242033 0.136127 0.0675023 0.0660537 0.208586 0.122999 0.0501539 0.0877829 0.0384489 0.0273964 0.0382432 0.102653 0.0449495 0.1104 0.0760961 0.0373467 0.263607 0.278252 0.23298 0.132889 0.1713 0.150489 0.12492 0.206838 0.154741 0.0990424 1
0.156609 0.605343 0.151199 0.0754613 0.340074 0.175449 0.140558 0.136084 0.269192 0.238206 0.039254 0.415223 0.0320407 0.0143034 0.351395 0.188572 0.121313 0.326009 0.148421 0.139679 0.103522 0.610075 0.0954231 0.0423712 0.443968 0.139428 0.159744 0.313643 0.130298 0.182277 1
0.475129 0.482584 0.476885 0.320594 0.605489 0.399423 0.566307 0.597913 0.6 0.291912 0.177223 0.229358 0.152759 0.113893 0.22283 0.214558 0.127323 0.210646 0.184865 0.102228 0.46069 0.534915 0.426764 0.284801 0.60906 0.318819 0.446326 0.634708 0.387345 0.19533 0
0.967343 0.560027 0.988943 1 0.503476 0.550334 0.851687 0.839463 0.505556 0.132056 0.881948 0.209026 0.843095 1 0.201822 0.386698 0.203409 0.492139 0.127878 0.12655 1 0.515725 1 1 0.426138 0.386442 0.545767 0.902062 0.212103 0.126131 0
0.552274 0.266825 0.552208 0.395546 0.517017 0.457702 0.462512 0.501491 0.427778 0.221778 0.187362 0.0669864 0.166612 0.120953 0.155726 0.283053 0.140253 0.321084 0.230737 0.0912075 0.529705 0.247868 0.498979 0.339609 0.638777 0.467357 0.586661 0.817182 0.440371 0.24144 0
0.480808 0.226243 0.498998 0.326278 0.595558 0.638672 0.522259 0.696322 1 0.509056 0.338403 0.136094 0.307167 0.195365 0.214706 0.268408 0.0942424 0.454063 0.213852 0.226257 0.509427 0.25 0.507944 0.313557 0.550287 0.356657 0.307748 0.876289 0.493002 0.333596 0
0.692366 0.425093 0.695253 0.535949 0.578406 0.580701 0.658388 0.776342 0.556566 0.33909 0.18566 0.123917 0.160251 0.138566 0.119047 0.262925 0.119141 0.243986 0.176845 0.10824 0.651014 0.445629 0.605558 0.465936 0.521891 0.528189 0.563339 0.832302 0.446087 0.299488 0
0.302854 0.710517 0.294036 0.175483 0.359484 0.168333 0.0660497 0.162227 0.159091 0.214827 0.0830346 0.345606 0.0720916 0.04133 0.140327 0.0766666 0.0200404 0.172912 0.109163 0.0722059 0.253291 0.788646 0.23049 0.1279 0.303969 0.111389 0.0559345 0.26677 0.124384 0.142398 1
0.0969284 0.257694 0.103656 0.0453871 0.487226 0.373965 0.733365 0.217445 0.530808 0.642376 0.0781821 0.184273 0.0531499 0.0202989 0.266377 0.629435 0.767172 0.629286 0.479653 0.299326 0.0846674 0.283316 0.0751531 0.0342853 0.508684 0.397018 1 0.601375 0.524936 0.409681 1
0.321785 0.205614 0.308064 0.187656 0.320845 0.146617 0.0247188 0.0493887 0.174242 0.179444 0.0886475 0.0272056 0.0696414 0.0420958 0.160417 0.0699072 0.019548 0.10716 0.0617437 0.0576611 0.261117 0.146055 0.236516 0.128146 0.237932 0.0774321 0.0280911 0.113814 0.0579539 0.0856618 1
0.544702 0.264119 0.535623 0.392153 0.438476 0.344519 0.349344 0.456412 0.389899 0.358256 0.246533 0.151344 0.192904 0.166172 0.212836 0.224472 0.111995 0.297973 0.116621 0.150631 0.527215 0.289446 0.478062 0.347719 0.462458 0.273219 0.282189 0.571478 0.18628 0.258494 0
0.0897818 0.195468 0.0894893 0.0413574 0.27354 0.176676 0.110614 0.11834 0.439394 0.342249 0.154481 0.185599 0.165858 0.0436647 0.313322 0.200814 0.0811616 0.285281 0.288287 0.113284 0.0729634 0.151386 0.0740077 0.0287063 0.200291 0.0946047 0.0754074 0.163643 0.171299 0.126394 1
0.30664 0.305715 0.301638 0.172895 0.495351 0.289614 0.0984302 0.15666 0.334848 0.278222 0.0319754 0.0544997 0.0323234 0.0173105 0.0917837 0.0914621 0.0381061 0.139591 0.0796139 0.0308171 0.263963 0.350213 0.256437 0.13139 0.602457 0.276615 0.211981 0.490378 0.384979 0.207333 1
0.59487 0.456544 0.588142 0.437116 0.436671 0.344825 0.434864 0.507455 0.469192 0.187026 0.180771 0.547162 0.217971 0.118226 0.32386 0.290789 0.188611 0.651828 0.278578 0.184661 0.458556 0.490938 0.456148 0.277182 0.356138 0.207731 0.305831 0.627148 0.19929 0.13761 0
0.302381 0.225905 0.292378 0.173913 0.167193 0.165235 0.189597 0.139165 0.182828 0.174179 0.0189752 0.172339 0.0219573 0.0146769 0.142979 0.228678 0.125177 0.196628 0.0590702 0.109898 0.225187 0.285981 0.207082 0.109836 0.206894 0.219082 0.264217 0.308522 0.0952099 0.139315 1
0.333144 0.201217 0.316495 0.196394 0.244019 0.111742 0.0488988 0.131809 0.267172 0.124263 0.0371899 0.06513 0.0400038 0.02325 0.106197 0.0524679 0.0232652 0.203826 0.0538639 0.0417689 0.24831 0.194296 0.229693 0.123796 0.212838 0.072193 0.05 0.282337 0.112557 0.0791028 1
0.284869 0.409537 0.302052 0.159618 0.674099 0.533157 0.435567 0.464861 0.651515 0.504002 0.0705414 0.141841 0.0776987 0.0327196 0.136588 0.246102 0.0897222 0.232241 0.190634 0.0986008 0.268943 0.498667 0.277852 0.136183 0.654626 0.497531 0.430511 0.707904 0.554504 0.342123 0
0.3729 0.244505 0.35312 0.224899 0.330505 0.157536 0.0783974 0.142992 0.259091 0.148905 0.0692739 0.0680914 0.0402865 0.0319725 0.137438 0.108135 0.0368939 0.156867 0.107334 0.04398 0.298115 0.227079 0.258429 0.145571 0.334346 0.123905 0.0974441 0.273918 0.189237 0.0867769 1
0.477022 0.381806 0.469974 0.32878 0.535073 0.264462 0.353327 0.493738 0.336869 0.226411 0.255151 0.390912 0.250624 0.150109 0.161199 0.118049 0.113687 0.330366 0.146451 0.098048 0.464603 0.563166 0.462125 0.289225 0.486892 0.172706 0.313099 0.627835 0.208555 0.137413 0
0.282503 0.213392 0.271923 0.157031 0.432157 0.184191 0.144213 0.167495 0.338384 0.310447 0.0354517 0.0891531 0.0223343 0.0202989 0.238366 0.133521 0.0589646 0.214435 0.258457 0.132354 0.206688 0.210821 0.191245 0.0983582 0.509344 0.174162 0.178994 0.362887 0.357776 0.267611 1
0.352075 0.34021 0.350287 0.211665 0.405254 0.290534 0.219962 0.290209 0.413636 0.293597 0.0644577 0.329473 0.0762852 0.037445 0.21389 0.200514 0.0838636 0.269748 0.0948106 0.122888 0.298826 0.502132 0.294288 0.157589 0.475005 0.267107 0.255112 0.537801 0.227282 0.25246 0
0.34403 0.406155 0.344413 0.207635 0.411664 0.277345 0.309044 0.278231 0.416667 0.237784 0.0631903 0.145598 0.0895255 0.0338216 0.141585 0.208024 0.121591 0.219928 0.174453 0.108032 0.283173 0.488806 0.327656 0.151003 0.484911 0.384696 0.414217 0.497251 0.399369 0.30408 0
0.21861 0.105851 0.211112 0.114146 0.335831 0.17137 0.098313 0.166501 0.282828 0.334035 0.0434546 0.0395377 0.0338312 0.0167128 0.150933 0.0829753 0.0427525 0.130403 0.121405 0.057212 0.182497 0.136994 0.16211 0.0804414 0.475005 0.153108 0.153514 0.290344 0.237926 0.213302 1
0.593923 0.310788 0.592288 0.455355 0.563059 0.444206 0.514761 0.527833 0.369697 0.327717 0.361941 0.17698 0.305329 0.235709 0.147636 0.223646 0.142374 0.328282 0.15419 0.134462 0.640342 0.378998 0.601076 0.459054 0.517269 0.372859 0.488898 0.680412 0.276562 0.29024 0
0.557954 0.396348 0.54668 0.402333 0.347838 0.370591 0.24836 0.302684 0.45101 0.228939 0.192178 0.258531 0.170193 0.152126 0.198355 0.275768 0.0988384 0.344005 0.194152 0.122646 0.590893 0.595682 0.551273 0.414815 0.51925 0.441841 0.370128 0.70378 0.416716 0.28637 0
0.357281 0.325668 0.348697 0.218961 0.282116 0.179805 0.206584 0.145378 0.208586 0.157961 0.0514213 0.219634 0.0582858 0.0303288 0.0827413 0.1369 0.0853283 0.167608 0.0852423 0.0494731 0.297759 0.436301 0.287315 0.158597 0.249158 0.23053 0.301837 0.329691 0.178593 0.128493 1
0.0975437 0.310788 0.112501 0.042842 0.424754 0.545427 0.462746 0.243936 0.641414 0.789174 0.128119 0.342733 0.141922 0.0324955 0.276439 0.478024 0.259343 0.478689 0.380312 0.241216 0.0757738 0.303305 0.0906918 0.027502 0.336327 0.337156 0.368131 0.393471 0.309482 0.330972 1
0.209617 0.037538 0.204201 0.110201 0.371039 0.145605 0.0822868 0.130368 0.306566 0.235257 0.0106102 0.0222109 0.0163031 0.00690701 0.147092 0.0979211 0.0382323 0.122372 0.0782068 0.0452928 0.173959 0.105277 0.165994 0.0799499 0.552268 0.205402 0.167891 0.307835 0.286024 0.198019 1
0.21151 0.380791 0.207449 0.109438 0.519726 0.227716 0.107568 0.110984 0.39495 0.423126 0.0773493 0.400857 0.0621967 0.0332799 0.294286 0.111215 0.065303 0.142186 0.144622 0.106443 0.184276 0.53678 0.169929 0.0835381 0.558212 0.136129 0.140176 0.21055 0.235955 0.219533 1
0.697099 0.254988 0.671066 0.59491 0.372032 0.203178 0.273664 0.420726 0.331818 0.0122157 0.396705 0.15267 0.3287 0.405863 0.131047 0.0666026 0.0529293 0.226747 0.0668092 0.0313698 0.811811 0.384328 0.742517 0.726947 0.4301 0.131472 0.228514 0.62543 0.18628 0.0649351 0
0.297648 0.170781 0.28298 0.17315 0.18886 0.0956076 0.0764058 0.13161 0.164647 0.0678181 0.106536 0.175212 0.0915987 0.0551888 0.0940953 0.0610449 0.0342929 0.204963 0.0395115 0.0186561 0.299893 0.27532 0.269386 0.158622 0.194347 0.0936345 0.107827 0.343986 0.0910704 0.0460449 1
0.593923 0.769699 0.581922 0.4579 0.285005 0.28716 0.268276 0.329871 0.185859 0.066765 0.227304 0.212341 0.186826 0.192563 0.130061 0.181663 0.0672727 0.204205 0.0765183 0.0470202 0.710423 0.889925 0.646397 0.563262 0.459816 0.371016 0.319089 0.558419 0.226296 0.13538 0
0.0774765 0.0703416 0.0729044 0.0343584 0.405254 0.102264 0.0482896 0.0387624 0.314646 0.461457 0.0160782 0.0484883 0.0136173 0.00283901 0.285447 0.0623216 0.0500253 0.108771 0.183177 0.0653999 0.056101 0.0900853 0.0472633 0.0220458 0.674437 0.0937315 0.0932907 0.151856 0.326237 0.231011 1
0.723603 0.336828 0.7533 0.579215 0.721946 0.789583 0.999063 0.906064 0.755556 0.430287 0.399602 0.261846 0.437874 0.304816 0.163239 0.634091 0.262626 0.469786 0.326983 0.143099 0.728211 0.426173 0.778873 0.534506 0.653305 0.652376 0.767412 1 0.490834 0.281057 0
0.317526 0.215083 0.304402 0.184772 0.274352 0.136065 0.0598875 0.100944 0.410101 0.141744 0.0213652 0.032355 0.028978 0.0134442 0.0855628 0.102277 0.0295202 0.120004 0.162492 0.0442909 0.24582 0.218284 0.242791 0.119298 0.259724 0.176878 0.107508 0.240103 0.346541 0.144103 1
0.552747 0.250592 0.536314 0.39597 0.476393 0.277958 0.341378 0.430666 0.457576 0.256318 0.217744 0.269802 0.194977 0.156273 0.217187 0.140881 0.0843939 0.303277 0.176845 0.126965 0.509427 0.343284 0.473081 0.335185 0.522552 0.195797 0.261342 0.575258 0.261975 0.193625 0
0.37006 0.268854 0.359961 0.225366 0.353525 0.213238 0.0953374 0.112326 0.420707 0.187447 0.0394351 0.057881 0.0341611 0.0241839 0.104803 0.0710337 0.0443939 0.13065 0.206253 0.037174 0.302383 0.285714 0.276358 0.158351 0.339629 0.156019 0.164537 0.285498 0.401143 0.116818 1
0.30664 0.625634 0.290927 0.177561 0.203485 0.0855162 0.0297798 0.0555169 0.182323 0.161542 0.0207858 0.174549 0.0302973 0.0151439 0.109766 0.0734371 0.0189596 0.0981057 0.0919964 0.0272586 0.240484 0.629264 0.232581 0.121756 0.261705 0.114882 0.0633706 0.19866 0.222551 0.102125 1
0.659709 0.520122 0.685578 0.510498 0.517017 0.626403 0.743674 0.732604 0.55 0.396588 0.308057 0.147145 0.376997 0.209186 0.159296 0.306786 0.198106 0.497064 0.178533 0.183728 0.581999 0.463486 0.640918 0.401543 0.459156 0.379651 0.527077 0.87354 0.268874 0.286567 0
0.138341 0.282381 0.143805 0.0674019 0.400469 0.337464 0.306232 0.184692 0.307576 0.657119 0.115734 0.420085 0.111907 0.0386217 0.378931 0.644606 0.302273 0.465997 0.435048 0.588185 0.118463 0.329691 0.112854 0.0503834 0.389157 0.259734 0.278435 0.34055 0.206781 0.401154 1
0.13233 0.246195 0.129293 0.0622269 0.461045 0.198331 0.101546 0.0883698 0.264646 0.435762 0.105559 0.235104 0.0937662 0.0300113 0.412585 0.203293 0.0687374 0.193787 0.350763 0.129314 0.110993 0.251866 0.105932 0.0446815 0.498778 0.144764 0.103834 0.183299 0.190814 0.194412 1
0.181693 0.490362 0.17345 0.0925133 0.264422 0.143059 0.0362699 0.0405567 0.462626 0.280539 0.147782 0.34428 0.132262 0.0489318 0.22266 0.123532 0.0322475 0.112086 0.236084 0.0719295 0.18143 0.517857 0.166791 0.0787456 0.325101 0.131958 0.0494728 0.112165 0.2945 0.139184 1
0.250319 0.685154 0.232396 0.136543 0.219915 0.0447825 0 0 0.323737 0.203033 0.120949 0.726397 0.100221 0.0529102 0.19125 0.044995 0 0 0.331063 0.0774227 0.196371 0.693763 0.172668 0.0918453 0.152216 0.0240999 0 0 0.166371 0.0812672 1
0.292915 0.302672 0.291549 0.165896 0.570281 0.31814 0.287254 0.364811 0.539394 0.375105 0.0635886 0.117906 0.0537153 0.0325888 0.163817 0.15853 0.0733586 0.230157 0.13435 0.0949387 0.275347 0.424574 0.260919 0.141123 0.709437 0.377711 0.39984 0.717526 0.46028 0.412305 0
0.0575039 0.241123 0.0547301 0.024772 0.301255 0.122845 0.0372071 0.0294086 0.358081 0.317397 0.0162231 0.131829 0.015879 0.00262048 0.246626 0.106708 0.040101 0.112086 0.25128 0.058283 0.0367841 0.264925 0.0341152 0.014009 0.386515 0.10518 0.0549521 0.08811 0.303568 0.124951 1
0.202991 0.195807 0.204478 0.105408 0.28004 0.282253 0.235942 0.137028 0.378788 0.475148 0.0793047 0.156206 0.0853791 0.0301981 0.294626 0.483958 0.239192 0.387763 0.060618 0.39506 0.146211 0.184168 0.146023 0.0650806 0.257743 0.246054 0.241294 0.284261 0.116696 0.323101 1
0.269724 0.477849 0.268814 0.150795 0.537781 0.327649 0.264292 0.3416 0.426768 0.33572 0.113706 0.180737 0.102248 0.0553943 0.206275 0.181963 0.0750758 0.244364 0.119153 0.0934876 0.325863 0.571695 0.305742 0.172803 0.752361 0.367523 0.321406 0.589691 0.358368 0.31523 0
0.887359 0.26209 0.901182 0.791729 0.562156 0.665358 0.789128 0.950795 0.452525 0.236942 0.319862 0.108447 0.304622 0.273251 0.158276 0.301754 0.107727 0.28566 0.217651 0.0860252 0.896478 0.308102 0.890931 0.749312 0.540382 0.549534 0.515256 0.947079 0.418884 0.217172 0
0.230442 0.26209 0.219404 0.122672 0.280672 0.113613 0.0629803 0.11332 0.411616 0.151432 0.0345827 0.193998 0.0224756 0.0132201 0.199952 0.0957431 0.0356566 0.162493 0.141245 0.0307134 0.182497 0.365938 0.169032 0.081744 0.434062 0.144085 0.105112 0.314089 0.302779 0.0985832 1
0.646457 0.25837 0.628913 0.505408 0.377629 0.270597 0.357779 0.444384 0.258081 0.101516 0.181858 0.0657046 0.158413 0.131151 0.152905 0.125409 0.067702 0.233378 0.0686385 0.0281914 0.62042 0.297175 0.57966 0.432757 0.561514 0.269921 0.332188 0.725773 0.221565 0.101732 0
0.536182 0.367602 0.532168 0.385366 0.489031 0.323354 0.367619 0.469732 0.40404 0.199031 0.156944 0.124271 0.115959 0.113108 0.151715 0.124057 0.0735606 0.198144 0.108459 0.0632234 0.495553 0.377932 0.457144 0.321422 0.515288 0.219567 0.30024 0.5189 0.297457 0.154729 0
0.196365 0.233683 0.184369 0.100785 0.26072 0.0581559 0.0320759 0.0680915 0.227778 0.242629 0.0108637 0.134127 0.00994204 0.00542027 0.141755 0.0301244 0.0237323 0.117238 0.171779 0.0512006 0.133404 0.220416 0.119229 0.0579778 0.210196 0.0338602 0.0365815 0.138969 0.161246 0.103568 1
0.24606 0.274941 0.234953 0.130477 0.468268 0.157015 0.0583411 0.146173 0.424242 0.345198 0.0921963 0.254332 0.0778872 0.0329437 0.126457 0.0716346 0.0285606 0.287744 0.201469 0.0868198 0.174315 0.237207 0.158026 0.0761895 0.282837 0.0643149 0.0397764 0.202131 0.130495 0.122786 1
0.438686 0.331417 0.456154 0.285175 0.451115 0.521195 0.523899 0.456958 0.55101 0.333193 0.0735832 0.138238 0.108986 0.049156 0.254411 0.393908 0.204015 0.419587 0.279282 0.188634 0.336535 0.293977 0.35704 0.185436 0.439345 0.406429 0.471006 0.609966 0.345555 0.238226 0
0.127124 0.296923 0.122314 0.0617603 0.332491 0.132507 0.0690722 0.0752485 0.59495 0.298442 0.0963607 0.21875 0.0853791 0.0297498 0.196757 0.132469 0.0685354 0.187213 0.164884 0.104267 0.114194 0.362473 0.101947 0.0491545 0.344912 0.123129 0.101997 0.22543 0.317169 0.198085 1
0.210564 0.257017 0.206413 0.107953 0.510698 0.23152 0.0475867 0.092495 0.295455 0.329823 0.0625747 0.34207 0.0556001 0.0272283 0.168304 0.113393 0.0292424 0.180337 0.210193 0.0908965 0.172536 0.392857 0.160616 0.0781066 0.463118 0.147384 0.0615655 0.22 0.200867 0.170012 1
0.477969 0.589787 0.465828 0.333998 0.418435 0.281026 0.235942 0.319632 0.370202 0.27064 0.296071 0.174991 0.249446 0.202462 0.238876 0.149743 0.0687121 0.276189 0.176845 0.121679 0.534685 0.598881 0.50645 0.359516 0.586608 0.210641 0.210783 0.534364 0.284841 0.233242 0
0.0336031 0.531958 0.0314422 0.0114104 0.307394 0.308325 0.216776 0.0677932 0.493434 0.580244 0.0391454 0.24726 0.0324177 0.00920437 0.467655 0.468036 0.233636 0.258382 0.185287 0.229953 0.0266098 0.529584 0.0203197 0.00943767 0.583966 0.270794 0.271006 0.171821 0.241475 0.338187 1
0.282976 0.290159 0.27911 0.161909 0.188499 0.182842 0.0950562 0.0935885 0.411111 0.190185 0.0449756 0.207479 0.0772747 0.025043 0.0651324 0.261949 0.0871717 0.201743 0.259442 0.0970807 0.220562 0.335554 0.228597 0.107329 0.146074 0.198417 0.128115 0.227079 0.323674 0.114325 1
0.308533 0.101454 0.289545 0.1793 0.190756 0.0514079 0.00646204 0.0219632 0.15404 0.0713985 0.0408836 0.0720916 0.0354333 0.0253792 0.0552402 0.0112206 0.00512626 0.0614131 0.0973434 0.0231819 0.250445 0.13113 0.224463 0.126204 0.125867 0.0301443 0.0110144 0.075945 0.13838 0.0451266 1
0.321312 0.425431 0.323682 0.188929 0.608197 0.329182 0.324508 0.324354 0.390909 0.396167 0.183813 0.387155 0.195495 0.0801236 0.410885 0.234536 0.117803 0.390225 0.267462 0.117844 0.30096 0.586087 0.304746 0.152797 0.677079 0.276421 0.304233 0.574914 0.29864 0.251148 0
0.495953 1 0.481031 0.329629 0.410671 0.338691 0.332006 0.437922 0.378283 0.204297 0.153938 0.109596 0.105781 0.0788161 0.106979 0.192252 0.0657071 0.260277 0.061603 0.064398 0.518677 0.875533 0.452164 0.300531 0.43142 0.335895 0.258866 0.709966 0.253893 0.196248 0
0.56032 0.414609 0.552208 0.409968 0.443893 0.366603 0.373477 0.434592 0.44596 0.239259 0.256238 0.347153 0.176035 0.181357 0.216236 0.290113 0.134369 0.347414 0.224405 0.125065 0.524013 0.503998 0.472583 0.348457 0.44793 0.309505 0.31246 0.586942 0.28425 0.184311 0
0.348289 0.127156 0.336673 0.211113 0.419157 0.174406 0.134114 0.228777 0.512626 0.095198 0.148651 0.0998718 0.141639 0.07749 0.182751 0.0903356 0.059596 0.243607 0.207942 0.0196234 0.314479 0.130064 0.29877 0.169092 0.386515 0.121479 0.130351 0.37354 0.295092 0.0372557 1
0.46661 0.329726 0.446479 0.312492 0.196985 0.162107 0.120665 0.137724 0.39596 0.0572873 0.133044 0.375663 0.128257 0.0743522 0.0588095 0.182939 0.0771717 0.210267 0.102972 0.0215581 0.366062 0.427772 0.348075 0.20812 0.109423 0.139428 0.150319 0.289897 0.189631 0.0306966 1
0.632259 0.399053 0.636514 0.475292 0.581114 0.515674 0.600984 0.747515 0.762121 0.352569 0.166105 0.146482 0.153371 0.116284 0.128225 0.165665 0.0805556 0.259329 0.278578 0.0846433 0.61793 0.528785 0.601076 0.43079 0.581325 0.409339 0.426837 0.92268 0.787108 0.310639 0
0.362488 0.187014 0.359201 0.215652 0.546809 0.351267 0.233505 0.351093 0.533333 0.28433 0.144849 0.0833186 0.144042 0.0671612 0.129007 0.314447 0.11202 0.307445 0.230596 0.136328 0.299182 0.165778 0.29379 0.151986 0.373308 0.273219 0.207987 0.480069 0.312636 0.19474 1
0.379052 0.523842 0.357612 0.235546 0.372303 0.0979388 0.0561856 0.144085 0.255051 0.106992 0.39924 0.403952 0.344909 0.185279 0.175749 0.0652507 0.0459091 0.363137 0 0.029677 0.251156 0.351279 0.224762 0.126229 0.149904 0.0233043 0.0191534 0.099622 0 0 0
0.237541 0.200879 0.229148 0.127169 0.402636 0.160328 0.0972587 0.0925944 0.514647 0.204718 0.0418613 0.197755 0.0322292 0.0174786 0.144678 0.119176 0.0506818 0.133112 0.166573 0.0591467 0.204198 0.343284 0.186115 0.0940572 0.439345 0.167855 0.18107 0.262268 0.357579 0.15873 1
0.770931 0.416977 0.748462 0.654295 0.28672 0.291761 0.310216 0.482207 0.374242 0.117313 0.200145 0.109596 0.181218 0.170057 0.108679 0.174152 0.0712626 0.307445 0.164321 0.0982899 0.714337 0.43177 0.666318 0.545075 0.34095 0.321148 0.315335 0.806186 0.398975 0.241572 0
0.237068 0.513358 0.233709 0.12632 0.454726 0.223299 0.127484 0.212425 0.383838 0.39048 0.054608 0.186483 0.0522075 0.0235115 0.224598 0.135173 0.0589394 0.315401 0.18374 0.0960097 0.179651 0.488806 0.16968 0.0807855 0.39576 0.150294 0.128514 0.413058 0.203824 0.180178 1
0.354442 0.51674 0.359478 0.217561 0.322651 0.317833 0.23641 0.19334 0.410101 0.283277 0.0516748 0.158858 0.0875465 0.0304596 0.184417 0.332547 0.0966919 0.220117 0.180081 0.180204 0.294913 0.52532 0.314209 0.153288 0.414911 0.381203 0.322684 0.414089 0.319732 0.309983 1
0.259785 0.300643 0.257757 0.143542 0.424483 0.265076 0.187559 0.189911 0.436869 0.290017 0.10306 0.151123 0.0819865 0.0438702 0.178128 0.126611 0.0682071 0.196439 0.139838 0.0929694 0.250445 0.336354 0.227302 0.121092 0.471703 0.204238 0.213339 0.348797 0.28563 0.212908 1
0.577358 0.432195 0.578467 0.426087 0.294304 0.378566 0.261012 0.336581 0.357071 0.112258 0.1174 0.157532 0.144937 0.0885659 0.129551 0.260823 0.0683333 0.231294 0.0881972 0.0864398 0.548915 0.534115 0.577668 0.369347 0.403025 0.516935 0.308706 0.586942 0.320915 0.243802 0
0.311373 0.141698 0.309585 0.177222 0.473684 0.306178 0.184161 0.221223 0.455556 0.275274 0.0526525 0.0304765 0.0590868 0.0265746 0.140667 0.156878 0.0642424 0.158363 0.148281 0.0698912 0.2508 0.136194 0.252453 0.12323 0.438685 0.235284 0.205831 0.312371 0.295683 0.175325 1
0.254579 0.40886 0.248704 0.13684 0.316783 0.230262 0.140933 0.186133 0.439394 0.296546 0.0674633 0.252343 0.0681336 0.0264252 0.183533 0.170322 0.0682576 0.244933 0.164603 0.123268 0.20989 0.492537 0.204442 0.0957285 0.391138 0.212485 0.194409 0.414089 0.277351 0.246425 1
0.253632 0.177207 0.238408 0.138112 0.308658 0.0807619 0.0494142 0.102087 0.258081 0.149958 0.0984248 0.121022 0.086934 0.0436087 0.20359 0.0468576 0.0330051 0.195113 0.307002 0.0185524 0.186766 0.128731 0.167837 0.0855043 0.222083 0.0389537 0.0393051 0.164708 0.14449 0.0308278 1
0.321312 0.120392 0.305922 0.186299 0.355241 0.131372 0.0249063 0.0952783 0.268687 0.192923 0.0389643 0.0739038 0.0340197 0.0204297 0.0895741 0.0443191 0.0107879 0.129362 0.192182 0.0313353 0.239772 0.130864 0.217939 0.116963 0.302648 0.0775291 0.0298083 0.199381 0.247979 0.0846123 1
0.246533 0.121069 0.243867 0.132471 0.487226 0.232225 0.0668932 0.143241 0.414141 0.310657 0.0322289 0.1008 0.0572963 0.0157602 0.172009 0.167543 0.0257071 0.153324 0.263663 0.112213 0.192458 0.154318 0.204044 0.0884782 0.472363 0.224321 0.0791933 0.28134 0.37532 0.245113 1
0.768091 0.5837 0.758137 0.647508 0.383317 0.456475 0.456888 0.614811 0.428788 0.276537 0.342749 0.133332 0.3058 0.278294 0.160281 0.19811 0.113561 0.325062 0.112822 0.0745552 0.82106 0.599414 0.774889 0.678038 0.508024 0.37383 0.464856 0.891065 0.303174 0.20812 0
0.316106 0.18397 0.307373 0.185408 0.271283 0.172075 0.0995548 0.122813 0.369697 0.189764 0.0103929 0.0401123 0.0162088 0.00849462 0.118945 0.207198 0.0616919 0.158288 0.144903 0.13726 0.235148 0.203092 0.236815 0.115956 0.371987 0.274675 0.205192 0.362199 0.359156 0.271153 1
0.271617 0.269192 0.256997 0.151771 0.2377 0.0792589 0.0328491 0.0912028 0.201515 0.115417 0.0665942 0.115674 0.0637045 0.0307024 0.191182 0.0712591 0.0135934 0.106516 0.16207 0.00984626 0.209534 0.238273 0.191543 0.0987023 0.23529 0.0667113 0.0277077 0.124124 0.118273 0.0341729 1
0.109518 0.141698 0.111741 0.0484836 0.762571 0.3163 0.0780693 0.120328 0.574242 0.56866 0.0877422 0.170129 0.0768506 0.0239597 0.467315 0.173852 0.0554798 0.299299 0.451511 0.103852 0.0939167 0.155117 0.0868071 0.0347523 0.7517 0.176975 0.0798403 0.249553 0.41711 0.228125 1
0.521984 0.366926 0.515583 0.366278 0.428546 0.33593 0.274133 0.385785 0.533333 0.227675 0.232953 0.205048 0.216558 0.154909 0.213618 0.185868 0.0943687 0.31218 0.29673 0.107134 0.483814 0.3742 0.463121 0.304955 0.39444 0.19929 0.203195 0.511684 0.332348 0.139118 0
0.193999 0.308421 0.203925 0.0925133 0.622642 0.601251 0.395736 0.316451 0.573737 0.622157 0.036176 0.147366 0.0453282 0.0134255 0.193494 0.324736 0.115859 0.253647 0.133647 0.122301 0.188901 0.554371 0.205937 0.07936 0.972264 0.883478 0.671086 0.867354 0.510349 0.559229 0
0.375739 0.17653 0.3639 0.230498 0.255936 0.202779 0.12978 0.160089 0.316667 0.141744 0.0481984 0.0161775 0.0503699 0.0308331 0.0529626 0.116021 0.0583333 0.159102 0.0506276 0.0512696 0.329064 0.165245 0.306738 0.1773 0.233309 0.244307 0.251677 0.394158 0.221368 0.181621 1
0.284396 0.152858 0.278419 0.157285 0.379074 0.246212 0.087582 0.104274 0.29899 0.472199 0.0253123 0.0621022 0.00776987 0.01421 0.119591 0.156202 0.0786111 0.138568 0.119716 0.166039 0.205977 0.13033 0.184123 0.096048 0.284158 0.165139 0.115815 0.201031 0.170905 0.3008 1
0.317052 0.223876 0.303849 0.183245 0.362373 0.163088 0.0410497 0.0934394 0.288384 0.244103 0.0337498 0.0264984 0.0290251 0.0195145 0.0718972 0.0373719 0.0178737 0.0961735 0.0374008 0.0277077 0.28175 0.218017 0.254943 0.144564 0.364723 0.125263 0.0963259 0.299107 0.244628 0.149416 1
0.212457 0.21373 0.20199 0.109947 0.344227 0.121097 0.0606139 0.115408 0.289899 0.289806 0.0214376 0.088689 0.0156905 0.0101756 0.254207 0.0472857 0.0237374 0.119625 0.136039 0.0730351 0.162931 0.233742 0.145724 0.0714215 0.541042 0.0821861 0.0784585 0.225017 0.253499 0.213761 1
0.307113 0.147109 0.300809 0.170859 0.49174 0.294829 0.135567 0.26173 0.363131 0.34604 0.0171284 0.047096 0.0162559 0.0112776 0.0930414 0.0921381 0.0336869 0.166528 0.128018 0.0653653 0.245464 0.16791 0.221774 0.116742 0.449911 0.215977 0.147604 0.458763 0.327617 0.250689 1
0.114345 0.404802 0.11029 0.0531495 0.24429 0.126219 0.0875117 0.0254871 0.108081 0.363943 0.00257107 0.181621 0.0196485 0 0.129245 0.183916 0.0943182 0.0971396 0.163618 0.127414 0.0723942 0.42564 0.0806813 0.0284605 0.247177 0.156601 0.149201 0.08811 0.159866 0.242818 1
0.290075 0.197836 0.300048 0.16403 0.786946 0.481934 0.485239 0.477187 0.436869 0.567818 0.101141 0.124558 0.0778872 0.0520323 0.185233 0.20179 0.138207 0.262929 0.106771 0.214303 0.298115 0.276652 0.278849 0.157786 0.759625 0.37121 0.509265 0.682474 0.311847 0.56054 0
0.273984 0.395671 0.264184 0.154358 0.314706 0.143028 0.0729147 0.142346 0.320202 0.271904 0.224371 0.30671 0.205485 0.0875013 0.0971547 0.117523 0.0549495 0.332828 0.363708 0.17205 0.207044 0.30597 0.19239 0.0969082 0.14997 0.0606281 0.0414217 0.164021 0.121033 0.0896629 1
0.357755 0.602976 0.365835 0.218579 0.553128 0.42979 0.384021 0.366004 0.627778 0.43829 0.0936086 0.148692 0.0999859 0.0480913 0.132372 0.301529 0.119722 0.206478 0.150391 0.15792 0.339025 0.669243 0.367 0.186296 0.638117 0.611627 0.561182 0.588316 0.522965 0.518562 0
0.220029 0.662158 0.214774 0.115207 0.369595 0.203546 0.16776 0.100249 0.373232 0.24642 0.0731486 0.456551 0.0656363 0.0304969 0.276983 0.164689 0.107955 0.17456 0.23735 0.042598 0.184632 0.714019 0.177449 0.0842017 0.458496 0.170572 0.233466 0.23488 0.260004 0.112554 1
0.249373 0.278323 0.23827 0.13438 0.30613 0.145421 0.0910262 0.115855 0.459596 0.259478 0.0392902 0.137487 0.0342553 0.0181323 0.129347 0.1004 0.0503535 0.150104 0.14223 0.0548972 0.201352 0.351812 0.180238 0.0931479 0.333686 0.146996 0.155192 0.282165 0.305145 0.172373 1
0.525297 0.410213 0.508673 0.373489 0.190304 0.205632 0.258435 0.287177 0.358586 0.0724516 0.190005 0.208805 0.167507 0.129918 0.129755 0.380839 0.154293 0.273537 0.190212 0.143064 0.420847 0.337953 0.391902 0.256292 0.112593 0.163974 0.202476 0.315498 0.158486 0.0691329 0
0.397037 0.441326 0.389814 0.248017 0.355421 0.258328 0.262887 0.371919 0.331818 0.231887 0.0729314 0.106325 0.0621024 0.0422826 0.277697 0.166642 0.114419 0.333965 0.236787 0.0430817 0.302383 0.368337 0.284327 0.158695 0.3601 0.167273 0.227316 0.507216 0.195348 0.0868424 0
0.200625 0.815015 0.18658 0.103203 0.227228 0.050181 0.0116378 0.0319781 0.396465 0.175232 0.0407025 0.284388 0.0344909 0.0161711 0.089948 0.0342551 0.00813889 0.0647661 0.158693 0.0566246 0.157595 0.793177 0.139599 0.0702173 0.189989 0.0403217 0.0185144 0.103162 0.265326 0.118261 1
